_input/DEM10_L-FB1.asc
NCOLS 125
NROWS 111
XLLCORNER 4478435.0000000000
YLLCORNER 5718995.0000000000
CELLSIZE 10.000000
NODATA_VALUE -99999.0000
[rows 0 to 28 of 111, columns 0 to 66 of 125]
12.9231 22.2854 32.6972 43.6795 69.7753 45.1957 35.3415 24.9426 18.9120 15.6710 12.9850 10.9039 10.0402 12.1130 15.6709 18.6266 22.9078 26.3591 29.2637 31.7998 34.6371 36.8547 39.4389 41.9423 43.6907 45.2725 46.4418 47.4835 47.1332 48.1439 48.2445 48.1626 46.9168 47.0211 47.2260 46.2107 46.8233 47.1525 45.2867 44.6032 45.2814 44.9143 44.4853 43.8470 43.9822 44.8183 45.8665 44.8350 45.5178 46.3072 45.5487 46.5613 51.2197 55.4317 60.0378 62.5197 64.5573 66.4484 66.6487 67.9392 72.1035 75.6377 75.9371 70.5010 58.1234 52.1912 50.8775
12.4968 18.2640 23.4660 26.7713 26.7323 24.8182 23.4090 22.6224 19.3652 16.7220 16.4939 12.6416 10.0000 11.6867 14.9916 19.2644 21.1488 23.9127 25.7786 28.5938 29.6054 31.3790 33.1870 34.8899 36.7310 38.8292 40.9014 42.1353 43.5094 44.8064 45.6305 46.2342 47.0391 47.5986 47.9780 48.2542 47.7215 47.3836 47.9432 47.3750 46.4274 46.0103 45.7913 45.6524 45.5014 44.9137 44.2074 45.3718 45.7432 45.8644 46.8554 47.4391 47.9168 48.3921 48.1263 48.1924 49.2112 49.8288 52.6650 54.8885 54.4758 52.4242 49.5559 52.3179 60.7440 58.5876 52.8926
11.8267 16.6841 20.3932 23.4113 22.8404 18.7641 16.7634 17.1191 17.0010 16.7854 15.0545 13.9368 10.6156 10.9184 13.5165 16.7100 19.3152 20.5714 20.3946 22.6342 23.4755 24.8912 26.0965 27.5450 28.7495 29.8442 31.3983 32.1951 34.1076 35.1949 36.1019 37.2028 38.6759 39.4157 39.6787 40.4301 41.3362 40.6999 40.9089 41.7283 41.2909 40.8111 40.6605 40.0418 39.0963 39.1826 38.4407 38.5532 39.0975 38.9244 39.1053 39.9343 38.8446 37.4831 35.1643 34.4789 34.7433 34.5749 35.8259 38.1101 38.4306 33.9096 36.3232 43.6722 47.5838 45.4615 69.2686
11.5871 16.0149 19.0587 20.4173 18.3358 11.3885 14.5788 15.2996 16.1294 16.6941 15.6919 15.6277 14.9167 10.1816 11.1472 12.4558 14.6147 16.8837 20.5831 21.0767 22.7496 24.0116 25.0522 25.4556 26.1573 27.4297 27.9199 28.7276 29.6067 30.5265 31.3729 32.5554 33.2113 33.9277 34.4015 35.2985 35.5041 36.4079 36.8121 37.3804 37.3906 37.2550 37.3119 37.6205 37.0374 36.2342 37.0624 35.4559 35.0992 35.5743 35.7665 34.5624 33.8927 32.7185 31.3357 30.5885 30.2601 31.9328 33.0042 30.4040 25.3086 23.3196 23.5976 32.2520 33.8496 109.6875 131.1062
11.4349 15.7292 18.1661 20.0871 16.9147 12.9787 16.1355 16.7026 17.6424 18.0373 17.7500 17.0475 17.1149 13.4082 11.7971 10.6152 11.9954 13.2602 15.4883 17.9839 19.9081 22.0075 23.4938 24.6891 25.6020 25.8137 25.9102 26.3385 27.2293 27.6934 28.3481 29.4033 30.8014 31.4810 31.9453 32.4100 32.6549 33.8933 34.5933 34.5830 33.9719 34.5906 35.1530 35.5790 35.2820 34.4089 35.1741 34.6155 33.5137 33.6430 34.2789 33.2969 33.5393 30.9785 30.8480 30.0276 33.5561 32.6479 28.0380 24.0319 24.1301 25.3514 23.7268 100.4872 118.9718 92.8596 83.0190
11.3784 15.5211 18.2383 19.4478 21.8988 25.5380 21.4265 20.4141 20.4889 20.2134 19.7900 19.1456 17.4504 17.0139 15.1466 14.5183 12.1293 13.1653 13.2883 13.9767 15.7597 17.6360 19.6701 21.7494 21.6663 21.9092 23.0649 24.1158 25.3793 26.6493 27.2915 28.4078 28.8389 29.8377 30.5949 30.9050 31.0998 31.6262 33.2751 33.6730 33.8851 33.4319 34.3761 34.1389 34.0012 33.0137 33.7859 33.7912 33.1892 32.7516 33.9713 34.0556 34.5847 34.3500 35.4523 33.9838 29.5543 24.4205 25.0931 34.3213 26.3077 351.2844 97.4642 63.8549 64.9554 59.5421 43.4729
10.4911 13.7382 15.5001 17.0901 18.7637 26.4524 34.4325 31.6889 26.0689 23.0281 21.9548 20.8752 20.0090 18.5073 17.9400 18.4365 15.3643 14.4643 14.9548 14.5759 14.5339 14.9939 16.3022 18.3531 20.3509 20.8174 21.9078 22.8485 24.1041 25.7402 27.5156 28.1828 28.7185 29.6344 30.7242 30.9374 30.9173 31.2571 32.2621 33.6451 34.3270 34.7300 34.6190 34.7237 33.6611 33.3607 32.5946 32.5935 33.2866 34.2559 34.8252 38.0959 38.8109 38.6322 36.4419 30.0371 20.9777 139.1811 76.4774 343.3528 355.3634 147.1625 81.5678 57.0582 52.2344 45.9189 40.2964
10.0000 11.3169 11.7023 12.8339 15.1687 18.1497 29.4291 38.2464 38.5755 31.7767 25.2064 22.9150 21.6830 20.6735 20.4319 19.8088 20.6708 16.4653 17.4230 17.3089 16.4745 15.6508 16.3060 18.0104 20.2845 21.4770 22.1594 22.5592 23.6636 24.6718 26.7066 28.7849 29.2329 30.2950 31.1489 31.9569 32.1724 31.9045 32.4989 33.2632 34.6500 35.4503 35.6823 36.2151 34.7780 34.1349 33.8332 33.3751 36.7078 38.2679 36.6913 35.0944 33.4000 31.8938 29.2040 194.1691 333.4075 328.5929 342.9274 123.4772 80.5009 47.2322 47.6957 52.9923 43.4794 39.7257 38.6221
10.8980 11.7387 11.2681 11.5753 12.8126 15.1868 21.5655 32.6202 43.2270 44.4605 36.4536 27.9312 24.5351 23.5428 23.1253 22.2406 22.0438 21.6701 19.1684 20.0257 18.9622 18.1054 18.0866 18.8537 20.8679 22.4306 23.2888 23.8598 24.3688 24.8390 26.3288 28.3902 29.7884 31.0217 32.2996 33.7475 34.3033 34.2548 33.7537 33.8559 35.3860 36.9014 38.7272 39.5468 42.2376 41.9322 41.0286 39.4838 37.0384 32.2802 30.9877 23.7551 39.8195 232.5257 321.4714 285.3988 82.2685 57.3550 55.3131 50.9783 50.1742 49.9991 43.8935 45.7322 42.0032 37.3289 36.9829
15.4469 15.3966 14.3151 11.7343 11.2211 12.9397 15.7381 23.4007 34.7015 46.3476 48.5925 42.6834 31.4392 26.9711 25.6338 25.4067 24.8321 24.4634 22.8405 22.0461 21.5519 20.2343 20.2452 20.2796 21.5673 23.2324 24.6781 24.9778 26.0679 25.9443 27.0797 28.4530 30.6272 32.4348 33.4436 34.7429 36.2693 38.8532 38.4268 39.3524 39.3842 40.3435 42.4285 44.0685 45.1754 45.0208 38.8288 35.2087 31.2010 66.1990 86.8251 221.2451 269.4655 235.8894 108.3489 66.3118 54.2553 48.2764 51.0808 46.8397 47.8707 42.0833 42.3581 41.9078 39.9602 36.7688 34.2462
18.9251 18.8293 16.8144 15.5757 14.8077 14.9316 14.0142 16.8639 21.7770 33.3215 44.6124 47.4166 42.2877 32.3015 27.8454 27.0230 28.3412 28.5087 26.6683 24.5651 23.6353 22.8274 22.2894 21.6656 22.2755 24.0554 25.4636 26.0556 27.2677 27.5800 28.2486 29.0253 30.8879 33.2500 35.4115 37.8095 40.7974 41.4036 41.3733 39.0181 36.0124 33.9784 32.6859 34.1966 31.7839 41.0227 88.0953 98.2593 106.0077 108.0576 172.4732 124.7021 186.4999 161.6170 82.8329 47.5035 45.0898 46.2598 45.6634 43.0303 45.1782 39.6104 40.3790 39.8641 37.6879 35.8018 33.2559
20.6855 21.6012 19.0045 18.7304 18.7860 17.4786 17.7519 19.1698 24.1809 32.0807 39.4949 44.4673 43.5314 39.1424 29.2224 24.8266 27.0494 30.3313 30.8238 28.7222 25.0566 25.2108 24.5153 23.2665 23.5478 24.7129 26.1258 27.0200 27.3671 28.5730 29.4868 30.4817 32.9108 35.4670 38.5586 39.0079 39.8677 35.6290 35.9263 43.6312 44.3589 38.5070 36.6021 43.3770 59.8723 71.1693 28.2117 35.1786 25.1181 20.8075 66.5665 186.6703 222.7837 90.5304 47.3113 38.4917 40.8485 42.1338 44.3855 41.5153 42.5196 37.1575 39.0478 37.4495 35.5598 35.0322 32.0426
21.9626 24.4289 21.2988 21.0102 21.0284 20.7381 20.8817 22.9472 28.0463 32.8810 39.0805 43.5399 44.3063 42.6838 32.4934 27.6996 29.2405 30.8260 32.0938 31.3649 27.3308 26.6456 27.2089 24.9923 24.7587 25.5138 27.0661 28.0165 29.6792 31.3068 32.3680 33.3902 34.1594 35.0191 32.6211 33.9032 24.6179 45.7045 304.6166 426.2209 428.9259 431.6584 433.9542 29.9940 25.2523 23.6235 18.6119 20.3969 21.4234 32.9234 129.1961 238.8145 146.2784 51.4429 35.8515 36.5635 39.1871 38.5784 42.7026 40.4069 38.6594 35.6362 37.6087 35.2529 34.6731 33.7880 30.6441
22.8972 26.8441 24.4265 23.5716 23.6525 23.2015 23.4626 24.6210 29.2604 34.4890 39.7825 43.9360 46.1877 44.1538 36.4924 29.7708 29.1775 31.7969 33.9280 33.8816 30.4995 29.0420 29.5717 27.7024 27.0520 27.3554 28.4568 30.1000 31.5173 32.6801 31.7336 30.6134 29.1805 27.8566 121.6001 240.3118 415.1410 420.6202 309.9846 23.6090 24.8757 26.2507 21.4898 21.8178 22.7091 22.2413 21.5294 21.7774 22.4197 56.8127 192.0041 230.8721 80.3560 33.0363 35.0475 35.6258 36.8385 36.2826 42.0388 37.5958 36.8652 34.5028 35.2879 34.3005 33.5871 32.9425 29.4240
20.3691 37.5152 48.4529 47.3870 43.1115 30.5029 27.3992 27.6950 30.8625 35.3509 40.5869 45.0534 48.1029 47.3881 40.4764 34.8685 31.7686 32.9581 35.3892 35.2577 33.6895 32.0609 31.0823 28.5893 25.5916 25.0462 25.1157 26.1068 26.0201 28.8513 35.2881 170.8301 260.3033 309.6513 346.2536 332.8906 94.4582 18.4456 19.0621 21.0930 23.2897 24.1956 23.5792 22.4312 21.7278 21.0132 19.7907 20.1702 26.8375 102.7268 244.1351 151.9134 38.4248 31.4443 34.9684 34.2960 35.1967 34.8162 39.5566 35.9046 34.9732 33.0312 32.9083 32.9606 33.2555 32.8124 29.4798
14.1704 19.3977 25.0402 41.7793 62.1359 77.6629 87.2110 95.4168 103.5600 111.8607 119.8094 129.0369 130.3784 113.7715 95.2323 73.0152 49.4786 41.2696 39.1828 37.9196 37.6941 37.4955 34.2318 34.8223 29.6583 30.3039 180.9724 221.7172 234.6933 260.0777 262.3286 208.3920 158.5499 112.6915 213.1898 190.6927 16.7602 17.7649 18.0318 22.0992 23.4446 22.2737 21.0277 19.4700 18.8344 18.3409 17.9358 20.6241 41.5693 188.6903 239.7030 60.6897 31.4156 30.9451 35.1301 33.0447 34.3795 33.0482 37.5091 33.9257 33.4932 31.8026 32.2208 31.6744 34.4352 33.5782 29.7417
14.5140 18.9732 21.3682 23.8457 26.3641 28.6190 30.1023 30.4995 29.1112 26.9759 25.9226 25.4922 52.2927 95.1377 127.8625 138.0825 148.4997 157.3202 152.7324 85.5888 40.8941 36.9992 38.1591 40.4674 243.7078 246.4368 182.2794 141.7396 130.7040 30.1301 14.4031 28.9674 73.5851 98.8323 126.3509 264.3794 15.8986 14.0013 18.7643 20.9425 20.7231 19.1782 17.9657 16.9576 16.4463 16.9613 18.6388 29.2853 92.8341 263.6136 114.3077 33.2607 30.7557 30.8078 33.8509 32.0826 32.8431 31.8079 35.9128 32.1014 32.4912 30.9814 31.8860 32.5780 34.3205 34.7956 36.1636
14.3653 18.4247 20.6477 22.6749 24.9532 26.6208 27.0352 25.1543 24.2609 24.1064 22.6732 21.0999 19.5341 18.8507 31.7725 62.8932 64.5583 13.3197 53.8739 140.2511 224.4460 230.0057 234.1620 238.8872 31.8380 26.9567 24.4811 25.0490 29.6855 32.8242 32.8470 52.4364 127.0409 208.4878 260.4258 19.0258 16.1924 14.2609 17.6542 18.7793 17.3717 16.5758 15.8300 15.6502 15.5395 17.4351 27.7957 65.8731 242.4940 189.0678 39.3121 32.1470 29.9937 30.5511 32.8703 31.4563 31.4316 30.4871 33.9746 30.9757 31.6436 31.3104 32.1220 33.2465 36.4542 43.2872 46.4743
13.2649 16.5837 18.7648 20.5843 22.9732 23.3574 22.9023 22.9320 22.4492 21.4987 20.1286 18.3098 16.7370 16.7974 17.9597 15.9331 12.8452 139.3080 159.9897 179.6353 40.5588 32.4222 33.8360 36.3734 34.8105 32.0151 33.0367 34.2755 34.9053 33.1456 33.5282 76.4117 186.3260 229.8575 117.9123 16.8505 15.1690 14.0926 16.2354 16.0004 14.8474 15.0028 15.0406 15.2262 16.3722 44.3869 106.3685 234.3224 208.2844 51.9779 38.2754 32.4644 29.4179 30.1765 32.2603 30.6393 30.3595 29.6699 33.0151 30.0697 31.4393 32.5395 31.8809 37.2295 47.5895 58.5895 68.9346
11.3531 14.6548 16.9537 19.0111 20.7912 21.6129 21.5360 21.2755 20.7017 20.1827 18.4299 17.2048 18.1041 18.4306 17.3193 34.8904 135.4963 65.4317 20.3167 27.3615 33.0023 37.0624 37.3551 34.1430 31.0576 28.2016 27.2432 27.9442 26.5052 27.8547 43.3911 114.1078 201.3623 222.3528 20.1762 16.2643 13.3370 13.3311 14.2678 13.9337 13.9328 14.6252 15.9988 18.1117 82.4933 168.2603 230.7732 185.3271 54.4227 46.5682 38.3698 32.8623 28.9619 29.6666 31.4763 29.8857 29.8207 29.2046 32.3513 29.6191 31.6003 33.0162 37.3058 50.0528 69.1395 85.1741 98.4002
10.6773 14.3280 17.1532 19.3184 20.2139 20.5534 20.9280 20.9260 21.2328 20.0008 19.5895 20.7320 18.5033 22.8936 128.8965 129.9171 19.7715 26.1711 29.6550 30.0898 29.8045 28.8548 28.6357 27.9964 27.2481 26.1903 25.3627 24.9211 25.9657 35.2214 82.3389 158.4570 173.9042 208.6107 18.8198 15.7236 11.5166 12.0078 13.1836 13.3745 14.8082 16.9550 20.0829 143.7463 206.2157 211.6657 148.7478 43.9907 41.8402 43.1686 37.9264 33.6215 29.1597 28.8363 30.5156 29.3576 29.3460 29.0224 32.5550 30.0526 31.6450 38.7269 50.5064 73.3165 94.0069 102.5717 105.0685
10.2837 14.2259 16.4637 17.5816 18.5440 19.3228 19.3209 18.9425 18.8743 18.8007 17.2199 14.9974 92.1382 125.0956 23.6342 21.1049 25.2107 27.6123 27.5985 27.2275 27.0229 28.3184 27.7098 26.7483 25.5828 24.4545 23.1754 22.9687 24.7838 54.6488 136.4414 204.1646 229.7369 22.4133 18.6068 15.1363 10.5842 11.4637 12.9299 14.8310 17.0460 20.2962 162.1582 204.1225 170.3922 106.0575 48.3368 39.7277 38.2979 39.3201 35.9477 33.7226 29.6563 28.4013 30.0467 28.2090 30.1590 29.3018 33.5934 30.3692 36.6761 52.6320 73.0253 99.6496 100.1208 87.6558 86.5176
10.0000 13.0855 14.8149 15.8588 16.5641 16.7887 16.7956 17.1521 16.3197 13.9108 19.4998 117.5601 86.4149 18.1997 22.3808 24.1638 24.3995 26.0729 26.7480 26.4488 27.4948 27.7358 26.9605 25.7859 25.4099 23.7447 22.0845 22.6936 26.8573 111.9317 212.2422 218.8327 70.9841 20.7484 17.0164 14.2451 10.4927 11.2324 13.9039 16.9684 20.1730 143.8674 204.9514 141.5143 86.0912 58.8216 40.9041 36.3171 35.7934 36.6463 33.3290 32.0121 29.9735 27.8089 29.9221 27.3792 30.9419 30.4825 34.0535 34.1127 50.5775 76.7681 99.3673 98.7721 76.5618 70.7891 69.4895
10.0630 13.3200 15.1083 16.3813 17.3288 17.9141 17.9336 15.4126 17.3762 99.0272 113.9276 23.0258 20.1399 22.1073 21.9974 22.6177 24.1498 25.7379 27.1031 27.9528 28.8459 28.4875 27.3586 26.8118 24.4852 22.7479 23.1621 24.1981 68.5352 203.4345 183.5079 170.9418 22.3699 18.9401 15.9123 10.4106 10.3716 12.5655 15.8007 18.9776 85.0563 211.1391 150.3406 69.8199 54.1832 47.5948 37.2253 33.5800 32.6035 34.5799 31.9487 29.9280 29.1373 27.2909 29.6599 27.8439 32.1590 31.1171 36.0669 44.6850 73.3369 99.7783 93.1678 71.1528 63.5886 65.4000 57.7188
10.5554 14.0227 16.3949 18.4248 20.2746 17.8325 17.3859 43.9894 101.9112 58.1961 20.2211 23.5739 21.9819 19.9464 21.0630 22.4098 24.9349 27.2643 29.0258 30.2244 31.0612 30.1404 29.2414 26.1675 24.9123 25.2741 26.9580 29.2275 175.9720 241.8516 169.7678 22.4672 21.6020 17.3785 14.8195 10.3500 11.1647 14.9625 18.3964 21.4077 193.1598 178.3195 54.5252 40.5373 45.9140 43.5367 35.6651 31.7477 30.3473 31.9974 30.2052 28.9860 27.6008 27.4522 29.3554 29.0467 33.8149 34.5812 44.4671 65.5187 99.3398 92.7750 65.8192 55.8355 60.2082 56.9356 51.1437
11.0609 14.7503 17.8479 17.1690 15.3485 23.2110 85.1589 90.1304 25.0508 26.3890 26.1979 21.6878 19.3990 19.5878 20.9421 24.1823 27.4445 29.5527 31.6274 32.5434 31.1645 30.2947 28.0329 27.8426 28.8750 30.4002 32.2982 159.1351 255.6757 128.5101 37.3026 21.6489 18.7764 16.3396 10.7548 10.6507 13.7929 17.5826 20.9000 138.7284 212.5645 86.9130 32.5674 36.3536 45.4011 41.2179 35.3622 30.8263 28.7322 30.1812 28.3055 27.1978 27.0283 27.5056 29.0039 29.7682 35.6069 40.0616 58.6747 88.7467 95.5411 65.8105 51.7970 49.3872 53.9783 52.7881 46.3336
11.5686 15.5635 14.1773 23.8182 64.7799 76.3156 34.6918 27.4614 32.3139 26.5633 21.9038 19.5481 18.9474 20.1705 23.2439 27.0721 29.3490 31.2910 32.3644 31.0121 29.9612 27.8354 27.8339 30.1636 32.4870 34.1694 76.9141 250.5706 138.4646 64.7113 23.0998 22.0881 18.9481 15.1622 12.0641 13.0827 16.5018 19.7061 68.4959 198.0515 144.1130 42.5461 28.5777 34.8652 44.0895 40.3346 34.7462 30.7163 28.1479 28.2157 26.4323 25.9529 27.1801 27.6496 28.0444 30.6477 39.6790 51.5287 79.6148 95.0801 75.1471 52.9241 43.2367 44.1690 50.5764 49.8776 42.2642
10.0146 16.1435 37.2917 54.0158 32.5168 24.8652 33.4639 33.9977 27.8175 22.5247 19.9299 18.7519 19.5434 22.3291 25.9844 27.8607 30.2179 31.0729 29.9233 27.7977 26.2746 26.1231 27.8277 30.2618 33.1737 36.3694 218.6059 215.5127 40.0222 23.9238 22.0183 19.8101 17.3332 13.7963 11.7803 13.2296 16.4348 19.3932 132.8991 205.5593 87.5203 27.9499 26.7157 33.8101 41.6590 40.1687 34.4853 29.9937 27.9529 26.6729 25.4585 25.3916 26.8027 27.2989 28.6898 31.9593 47.3350 67.5964 91.4923 81.0503 58.6986 40.2278 36.3373 41.8579 49.6385 48.0267 39.9547
18.2005 31.8362 36.0481 19.0760 27.9787 32.4927 31.9734 29.7042 24.0291 20.3793 19.1212 18.9972 21.3650 24.2284 26.4907 28.1567 29.1734 28.1524 26.0564 24.5253 24.0500 25.6506 28.3041 30.3858 36.9468 176.8407 244.3369 56.5941 29.0683 23.2648 21.2266 19.0456 16.2466 12.7053 12.7473 15.6502 18.4728 93.8609 183.0643 151.8909 45.0389 26.2002 25.0931 32.4387 41.0555 37.4038 34.4478 30.1295 27.2799 25.7431 24.6268 24.0107 25.7590 26.1972 27.6213 31.7045 55.7634 81.4895 87.5088 63.2922 42.5472 32.7552 33.8621 41.6732 48.6685 45.8554 36.3245
