_input/DEM10_SHD.asc
NCOLS 125
NROWS 111
XLLCORNER 4478435.0000000000
YLLCORNER 5718995.0000000000
CELLSIZE 10.000000
NODATA_VALUE -99999.000
[rows 68 to 101 of 111, columns 0 to 76 of 125]
0.832 0.734 0.534 0.578 0.924 1.277 1.484 1.573 1.577 1.576 1.597 1.619 1.597 1.559 1.555 1.561 1.555 1.554 1.576 1.573 1.589 1.609 1.611 1.613 1.581 1.570 1.551 1.535 1.543 1.511 1.457 1.457 1.451 1.476 1.500 1.532 1.558 1.547 1.562 1.549 1.501 1.416 1.344 1.474 1.548 1.629 1.649 1.615 1.612 1.643 1.634 1.589 1.546 1.651 1.688 1.644 1.778 1.759 1.680 1.681 1.492 1.511 1.554 1.566 1.679 1.650 1.584 1.574 1.577 1.560 1.576 1.606 1.595 1.581 1.553 1.563 1.597
0.821 0.766 0.899 1.131 1.394 1.566 1.632 1.617 1.592 1.598 1.614 1.617 1.602 1.587 1.586 1.589 1.578 1.593 1.609 1.612 1.609 1.565 1.565 1.571 1.563 1.572 1.586 1.629 1.633 1.519 1.541 1.432 1.501 1.537 1.545 1.527 1.465 1.377 1.287 1.251 1.086 1.055 1.483 1.532 1.617 1.708 1.740 1.665 1.553 1.523 1.576 1.605 1.739 1.855 1.782 1.647 1.657 1.592 1.618 1.616 1.606 1.577 1.566 1.637 1.703 1.613 1.593 1.569 1.564 1.548 1.560 1.587 1.579 1.560 1.547 1.568 1.577
1.348 1.295 1.290 1.434 1.571 1.625 1.630 1.607 1.589 1.591 1.630 1.646 1.633 1.614 1.620 1.629 1.617 1.619 1.613 1.589 1.530 1.526 1.584 1.609 1.628 1.636 1.638 1.648 1.566 1.687 1.728 1.595 1.675 1.655 1.622 1.629 1.619 1.505 1.459 1.512 1.429 1.668 1.508 1.206 1.532 1.747 1.759 1.712 1.652 1.738 1.784 1.717 1.696 1.677 1.622 1.641 1.651 1.656 1.630 1.617 1.629 1.608 1.589 1.722 1.653 1.508 1.606 1.546 1.528 1.524 1.531 1.570 1.580 1.566 1.547 1.559 1.573
1.293 1.329 1.450 1.546 1.577 1.573 1.602 1.601 1.600 1.631 1.651 1.660 1.666 1.650 1.659 1.646 1.622 1.611 1.591 1.566 1.574 1.609 1.626 1.637 1.655 1.672 1.693 1.687 1.710 1.956 1.813 1.524 1.718 1.761 1.751 1.753 1.570 1.350 1.562 1.631 1.474 1.449 1.238 1.543 1.738 1.850 1.885 1.822 1.676 1.651 1.615 1.606 1.634 1.653 1.671 1.665 1.660 1.648 1.614 1.594 1.624 1.630 1.622 1.663 1.583 1.617 1.606 1.514 1.520 1.536 1.545 1.571 1.595 1.585 1.564 1.564 1.569
1.416 1.422 1.489 1.620 1.544 1.540 1.577 1.579 1.598 1.631 1.654 1.679 1.664 1.655 1.641 1.620 1.639 1.655 1.649 1.629 1.621 1.613 1.640 1.679 1.724 1.738 1.760 1.662 1.925 1.966 1.372 1.560 1.687 1.735 1.665 1.425 1.200 1.449 1.785 1.505 1.408 1.527 1.639 1.744 1.758 1.747 1.774 1.782 1.753 1.650 1.616 1.617 1.644 1.680 1.678 1.654 1.643 1.632 1.600 1.578 1.617 1.641 1.623 1.650 1.619 1.681 1.609 1.547 1.546 1.553 1.568 1.582 1.602 1.599 1.567 1.535 1.561
1.422 1.467 1.580 1.477 1.446 1.548 1.541 1.556 1.556 1.571 1.613 1.625 1.597 1.586 1.601 1.650 1.650 1.639 1.630 1.613 1.618 1.661 1.710 1.731 1.724 1.731 1.731 1.648 1.934 1.787 0.656 0.995 1.402 1.420 1.207 0.882 1.298 1.488 1.541 1.400 1.508 1.517 1.621 1.648 1.697 1.731 1.773 1.813 1.766 1.683 1.622 1.606 1.651 1.674 1.655 1.640 1.644 1.618 1.587 1.569 1.596 1.635 1.625 1.616 1.741 1.723 1.491 1.588 1.568 1.567 1.582 1.575 1.581 1.590 1.566 1.545 1.564
1.407 1.417 1.444 1.491 1.412 1.347 1.644 1.561 1.461 1.441 1.504 1.529 1.545 1.540 1.534 1.538 1.578 1.652 1.647 1.631 1.639 1.662 1.698 1.717 1.690 1.686 1.684 1.763 1.841 1.554 1.412 1.142 1.150 1.374 1.434 1.101 1.232 1.339 1.487 1.574 1.501 1.520 1.620 1.656 1.699 1.712 1.736 1.774 1.774 1.710 1.595 1.596 1.639 1.659 1.645 1.632 1.628 1.598 1.581 1.564 1.575 1.628 1.633 1.633 1.791 1.614 1.466 1.615 1.568 1.563 1.574 1.552 1.569 1.591 1.572 1.546 1.552
1.411 1.415 1.418 1.400 1.336 1.613 1.475 1.398 1.476 1.459 1.483 1.521 1.500 1.481 1.545 1.589 1.627 1.654 1.666 1.625 1.572 1.628 1.710 1.711 1.670 1.660 1.647 1.702 1.707 1.634 1.549 1.527 1.501 1.561 1.517 1.474 1.392 1.470 1.579 1.632 1.546 1.586 1.629 1.640 1.679 1.695 1.708 1.701 1.742 1.719 1.607 1.606 1.606 1.634 1.643 1.617 1.601 1.594 1.583 1.561 1.558 1.617 1.630 1.631 1.669 1.608 1.670 1.610 1.543 1.565 1.563 1.530 1.550 1.580 1.582 1.560 1.540
1.402 1.402 1.423 1.407 1.399 1.402 1.558 1.513 1.029 1.577 1.474 1.484 1.531 1.610 1.612 1.575 1.572 1.612 1.627 1.634 1.674 1.659 1.660 1.664 1.700 1.688 1.653 1.662 1.678 1.665 1.638 1.636 1.620 1.593 1.557 1.578 1.570 1.564 1.596 1.639 1.626 1.627 1.612 1.622 1.654 1.668 1.672 1.659 1.709 1.714 1.645 1.600 1.585 1.624 1.633 1.608 1.586 1.591 1.577 1.550 1.542 1.601 1.639 1.637 1.677 1.672 1.692 1.599 1.549 1.566 1.541 1.515 1.532 1.581 1.594 1.561 1.531
1.390 1.399 1.410 1.428 1.384 1.293 1.408 1.337 1.672 1.423 1.047 1.581 1.598 1.550 1.513 1.535 1.585 1.633 1.654 1.689 1.679 1.699 1.677 1.666 1.682 1.675 1.694 1.670 1.638 1.634 1.647 1.663 1.687 1.625 1.604 1.663 1.642 1.603 1.621 1.657 1.623 1.599 1.612 1.618 1.609 1.633 1.651 1.629 1.665 1.722 1.678 1.583 1.581 1.603 1.609 1.593 1.580 1.583 1.568 1.545 1.539 1.586 1.635 1.638 1.637 1.744 1.726 1.490 1.574 1.554 1.533 1.509 1.531 1.597 1.611 1.582 1.545
1.351 1.354 1.370 1.388 1.349 1.351 1.416 1.461 1.502 1.427 1.538 1.411 1.695 1.552 1.579 1.599 1.616 1.646 1.675 1.678 1.682 1.726 1.736 1.693 1.638 1.651 1.668 1.679 1.664 1.619 1.641 1.665 1.710 1.680 1.648 1.645 1.670 1.640 1.604 1.635 1.628 1.594 1.592 1.611 1.597 1.601 1.599 1.598 1.643 1.722 1.688 1.573 1.544 1.560 1.582 1.592 1.575 1.567 1.557 1.543 1.543 1.572 1.635 1.644 1.628 1.787 1.597 1.403 1.608 1.566 1.540 1.521 1.557 1.610 1.625 1.594 1.547
1.351 1.362 1.402 1.432 1.415 1.411 1.412 1.497 1.551 1.512 1.415 1.772 1.571 1.386 1.665 1.641 1.645 1.657 1.681 1.686 1.720 1.743 1.742 1.751 1.708 1.596 1.601 1.654 1.678 1.685 1.617 1.620 1.693 1.714 1.684 1.631 1.646 1.646 1.634 1.635 1.638 1.602 1.583 1.600 1.560 1.569 1.578 1.593 1.602 1.682 1.694 1.553 1.536 1.549 1.566 1.589 1.569 1.550 1.544 1.538 1.539 1.572 1.628 1.627 1.609 1.649 1.526 1.618 1.626 1.566 1.549 1.536 1.571 1.610 1.621 1.601 1.578
1.390 1.413 1.470 1.488 1.471 1.472 1.414 1.464 1.557 1.577 1.540 1.551 1.618 1.663 1.354 1.768 1.652 1.665 1.682 1.697 1.745 1.763 1.778 1.780 1.717 1.626 1.572 1.603 1.651 1.669 1.649 1.644 1.669 1.740 1.699 1.610 1.636 1.662 1.640 1.637 1.664 1.599 1.553 1.575 1.578 1.546 1.533 1.575 1.583 1.662 1.686 1.592 1.548 1.508 1.548 1.588 1.564 1.520 1.527 1.532 1.554 1.573 1.599 1.620 1.596 1.644 1.592 1.625 1.636 1.592 1.566 1.550 1.560 1.593 1.630 1.615 1.577
1.417 1.444 1.496 1.510 1.495 1.476 1.439 1.462 1.516 1.588 1.568 1.582 1.600 1.461 1.834 1.641 1.389 1.716 1.689 1.732 1.752 1.772 1.786 1.782 1.752 1.671 1.592 1.583 1.633 1.658 1.666 1.691 1.699 1.722 1.689 1.649 1.648 1.644 1.659 1.622 1.635 1.608 1.562 1.564 1.562 1.515 1.544 1.576 1.567 1.623 1.683 1.633 1.532 1.527 1.548 1.571 1.550 1.516 1.513 1.538 1.578 1.558 1.565 1.597 1.595 1.611 1.643 1.684 1.551 1.606 1.570 1.558 1.543 1.571 1.599 1.602 1.562
1.462 1.476 1.507 1.516 1.511 1.509 1.505 1.444 1.485 1.594 1.589 1.604 1.619 1.636 1.638 1.636 1.733 1.484 1.774 1.714 1.744 1.770 1.781 1.787 1.774 1.741 1.640 1.591 1.636 1.654 1.677 1.697 1.714 1.742 1.713 1.691 1.628 1.601 1.638 1.612 1.624 1.619 1.567 1.543 1.568 1.541 1.537 1.546 1.561 1.605 1.676 1.672 1.583 1.513 1.515 1.549 1.561 1.535 1.512 1.551 1.582 1.565 1.553 1.581 1.613 1.612 1.752 1.545 1.360 1.622 1.579 1.554 1.527 1.529 1.569 1.591 1.539
1.502 1.502 1.528 1.560 1.573 1.569 1.559 1.463 1.513 1.556 1.611 1.619 1.628 1.642 1.665 1.680 1.621 1.830 1.618 1.558 1.770 1.749 1.781 1.786 1.785 1.775 1.708 1.631 1.624 1.652 1.674 1.695 1.714 1.743 1.728 1.654 1.596 1.623 1.621 1.600 1.585 1.604 1.586 1.549 1.580 1.539 1.536 1.547 1.575 1.587 1.660 1.703 1.563 1.526 1.539 1.537 1.580 1.550 1.516 1.561 1.591 1.574 1.544 1.577 1.608 1.588 1.597 1.382 1.552 1.626 1.585 1.554 1.519 1.502 1.541 1.566 1.535
1.552 1.562 1.589 1.612 1.627 1.624 1.589 1.523 1.624 1.546 1.647 1.600 1.621 1.657 1.682 1.690 1.682 1.645 1.713 1.752 1.514 1.808 1.753 1.771 1.785 1.771 1.747 1.697 1.644 1.630 1.648 1.676 1.698 1.704 1.683 1.640 1.613 1.614 1.610 1.603 1.552 1.589 1.589 1.579 1.572 1.538 1.533 1.541 1.580 1.569 1.638 1.693 1.632 1.576 1.510 1.519 1.568 1.563 1.535 1.552 1.581 1.562 1.516 1.541 1.585 1.570 1.590 1.483 1.593 1.632 1.583 1.547 1.505 1.479 1.516 1.553 1.543
1.604 1.612 1.626 1.639 1.657 1.659 1.616 1.755 1.663 1.479 1.654 1.626 1.620 1.661 1.674 1.683 1.686 1.703 1.705 1.622 1.826 1.658 1.684 1.771 1.763 1.769 1.760 1.733 1.678 1.619 1.622 1.632 1.623 1.635 1.653 1.609 1.632 1.670 1.617 1.554 1.511 1.561 1.581 1.584 1.519 1.532 1.555 1.584 1.578 1.573 1.634 1.702 1.676 1.579 1.518 1.507 1.566 1.576 1.522 1.531 1.563 1.521 1.488 1.503 1.549 1.556 1.530 1.595 1.634 1.454 1.579 1.544 1.500 1.456 1.492 1.525 1.527
1.634 1.637 1.643 1.651 1.676 1.704 1.691 1.840 1.680 1.390 1.484 1.668 1.622 1.653 1.662 1.682 1.698 1.716 1.713 1.699 1.674 1.776 1.736 1.521 1.842 1.744 1.741 1.744 1.713 1.619 1.567 1.570 1.587 1.620 1.659 1.628 1.626 1.623 1.602 1.571 1.539 1.532 1.549 1.547 1.511 1.572 1.611 1.606 1.581 1.597 1.629 1.696 1.719 1.615 1.509 1.497 1.535 1.564 1.518 1.512 1.524 1.491 1.454 1.459 1.512 1.540 1.517 1.663 1.447 1.349 1.588 1.525 1.483 1.447 1.459 1.496 1.519
1.652 1.656 1.669 1.673 1.692 1.731 1.726 1.789 1.508 1.537 1.565 1.717 1.621 1.637 1.673 1.698 1.717 1.728 1.737 1.730 1.724 1.705 1.643 1.835 1.596 1.681 1.749 1.738 1.738 1.663 1.573 1.578 1.623 1.622 1.623 1.607 1.594 1.586 1.624 1.590 1.561 1.515 1.515 1.527 1.532 1.595 1.626 1.633 1.610 1.626 1.635 1.689 1.732 1.598 1.512 1.479 1.484 1.554 1.513 1.465 1.481 1.461 1.422 1.428 1.482 1.522 1.498 1.541 1.306 1.482 1.573 1.512 1.475 1.442 1.431 1.474 1.501
1.655 1.665 1.677 1.679 1.697 1.740 1.750 1.719 1.813 1.576 1.489 1.739 1.653 1.646 1.685 1.719 1.713 1.724 1.746 1.745 1.745 1.735 1.706 1.565 1.734 1.767 1.668 1.851 1.724 1.698 1.655 1.588 1.605 1.613 1.598 1.599 1.547 1.551 1.602 1.591 1.602 1.533 1.494 1.500 1.555 1.605 1.644 1.655 1.627 1.651 1.634 1.652 1.701 1.628 1.513 1.405 1.423 1.517 1.483 1.438 1.446 1.427 1.396 1.401 1.452 1.488 1.494 1.498 1.371 1.515 1.561 1.492 1.483 1.443 1.415 1.456 1.487
1.664 1.663 1.672 1.678 1.697 1.739 1.755 1.709 1.761 1.657 1.655 1.626 1.698 1.647 1.662 1.694 1.675 1.669 1.715 1.772 1.788 1.773 1.740 1.697 1.706 1.730 1.858 1.609 1.628 1.724 1.693 1.680 1.603 1.576 1.575 1.593 1.516 1.531 1.555 1.582 1.623 1.567 1.528 1.521 1.571 1.591 1.633 1.660 1.677 1.675 1.616 1.616 1.645 1.592 1.466 1.361 1.374 1.472 1.461 1.422 1.402 1.399 1.387 1.384 1.416 1.464 1.477 1.436 1.443 1.579 1.466 1.510 1.492 1.433 1.410 1.445 1.485
1.634 1.618 1.623 1.637 1.657 1.680 1.693 1.691 1.793 1.817 1.640 1.583 1.652 1.587 1.584 1.584 1.673 1.711 1.817 1.856 1.829 1.778 1.743 1.700 1.702 1.738 1.662 1.748 1.760 1.595 1.821 1.701 1.667 1.615 1.576 1.589 1.524 1.517 1.499 1.571 1.619 1.625 1.605 1.574 1.575 1.594 1.644 1.649 1.668 1.648 1.587 1.574 1.595 1.584 1.424 1.284 1.338 1.410 1.446 1.418 1.372 1.386 1.384 1.379 1.401 1.434 1.457 1.450 1.583 1.442 1.294 1.538 1.482 1.440 1.422 1.437 1.478
1.628 1.638 1.637 1.641 1.670 1.697 1.767 1.826 1.841 1.812 1.693 1.679 1.697 1.712 1.748 1.852 1.854 1.855 1.832 1.724 1.708 1.707 1.736 1.716 1.706 1.731 1.753 1.754 1.731 1.846 1.599 1.684 1.742 1.667 1.601 1.530 1.523 1.517 1.483 1.570 1.563 1.618 1.662 1.646 1.581 1.599 1.588 1.576 1.630 1.621 1.606 1.561 1.572 1.507 1.268 1.242 1.313 1.364 1.440 1.397 1.344 1.374 1.385 1.372 1.372 1.413 1.465 1.450 1.463 1.298 1.411 1.535 1.495 1.454 1.423 1.408 1.456
1.735 1.708 1.670 1.694 1.729 1.753 1.813 1.860 1.868 1.829 1.868 1.908 1.857 1.799 1.805 1.791 1.717 1.700 1.683 1.702 1.677 1.672 1.701 1.708 1.700 1.717 1.733 1.757 1.755 1.655 1.774 1.749 1.581 1.778 1.619 1.536 1.563 1.507 1.475 1.534 1.549 1.625 1.655 1.653 1.630 1.569 1.487 1.526 1.587 1.612 1.617 1.565 1.539 1.389 1.202 1.282 1.300 1.340 1.420 1.385 1.349 1.366 1.374 1.360 1.365 1.413 1.460 1.452 1.467 1.347 1.495 1.556 1.502 1.470 1.419 1.382 1.446
1.757 1.730 1.674 1.684 1.765 1.787 1.820 1.867 1.867 1.841 1.922 1.931 1.798 1.718 1.741 1.729 1.708 1.683 1.683 1.691 1.665 1.627 1.644 1.671 1.680 1.687 1.716 1.733 1.734 1.734 1.715 1.711 1.816 1.499 1.691 1.648 1.581 1.488 1.501 1.537 1.559 1.574 1.604 1.637 1.620 1.533 1.429 1.514 1.563 1.603 1.610 1.560 1.506 1.337 1.214 1.319 1.342 1.363 1.417 1.391 1.357 1.348 1.367 1.355 1.367 1.409 1.448 1.461 1.434 1.477 1.540 1.422 1.525 1.468 1.395 1.362 1.411
1.773 1.751 1.686 1.679 1.770 1.815 1.834 1.864 1.857 1.823 1.921 1.908 1.737 1.757 1.750 1.727 1.715 1.680 1.650 1.655 1.617 1.575 1.604 1.649 1.657 1.663 1.694 1.716 1.720 1.712 1.714 1.720 1.604 1.786 1.690 1.440 1.707 1.428 1.486 1.516 1.540 1.514 1.566 1.596 1.551 1.520 1.540 1.586 1.547 1.566 1.571 1.519 1.426 1.284 1.294 1.348 1.383 1.375 1.386 1.381 1.345 1.342 1.353 1.367 1.383 1.396 1.431 1.457 1.447 1.529 1.415 1.366 1.525 1.442 1.366 1.337 1.378
1.773 1.775 1.712 1.690 1.782 1.833 1.831 1.823 1.811 1.724 1.855 1.908 1.822 1.743 1.695 1.684 1.683 1.652 1.611 1.626 1.620 1.583 1.593 1.634 1.637 1.636 1.666 1.695 1.686 1.666 1.664 1.682 1.682 1.661 1.680 1.811 1.060 1.544 1.591 1.550 1.496 1.516 1.548 1.547 1.550 1.571 1.597 1.591 1.542 1.551 1.481 1.402 1.343 1.298 1.270 1.256 1.381 1.365 1.315 1.335 1.291 1.322 1.358 1.361 1.364 1.360 1.415 1.443 1.421 1.456 1.249 1.348 1.492 1.401 1.344 1.306 1.322
1.758 1.764 1.726 1.713 1.763 1.789 1.795 1.773 1.768 1.796 1.894 1.901 1.753 1.669 1.663 1.658 1.674 1.659 1.615 1.614 1.607 1.572 1.576 1.608 1.623 1.612 1.617 1.657 1.675 1.658 1.652 1.671 1.701 1.711 1.699 1.555 1.754 1.681 1.417 1.624 1.382 1.485 1.543 1.543 1.550 1.553 1.580 1.590 1.580 1.504 1.337 1.248 1.189 1.206 1.218 1.208 1.345 1.327 1.273 1.281 1.209 1.265 1.240 1.257 1.281 1.278 1.345 1.360 1.344 1.294 1.104 1.359 1.433 1.326 1.253 1.188 1.226
1.749 1.755 1.742 1.741 1.707 1.816 1.884 1.898 1.892 1.786 1.724 1.582 1.506 1.630 1.657 1.637 1.647 1.653 1.611 1.587 1.590 1.578 1.574 1.605 1.621 1.603 1.611 1.657 1.676 1.658 1.646 1.659 1.682 1.694 1.694 1.667 1.652 1.650 1.789 0.972 1.350 1.496 1.490 1.491 1.518 1.506 1.556 1.571 1.539 1.369 1.162 1.121 1.112 1.124 1.119 1.205 1.344 1.326 1.271 1.185 1.115 1.083 1.076 1.083 1.071 1.093 1.159 1.163 1.119 1.081 1.079 1.268 1.232 1.158 1.058 1.044 1.086
1.760 1.752 1.744 1.749 1.843 1.839 1.672 1.640 1.583 1.534 1.538 1.450 1.508 1.553 1.586 1.591 1.623 1.656 1.617 1.565 1.565 1.573 1.566 1.589 1.613 1.604 1.597 1.637 1.668 1.643 1.625 1.636 1.657 1.670 1.666 1.672 1.690 1.642 1.418 1.556 1.379 1.249 1.560 1.460 1.376 1.490 1.484 1.475 1.416 1.175 1.076 1.024 1.015 1.065 1.064 1.143 1.244 1.342 1.361 1.209 1.041 0.999 0.965 0.848 0.880 0.888 0.945 0.953 0.933 0.950 0.926 1.000 1.003 1.076 1.001 0.940 0.956
1.645 1.644 1.644 1.623 1.643 1.568 1.568 1.596 1.599 1.563 1.417 1.266 1.244 1.388 1.529 1.544 1.541 1.590 1.566 1.507 1.544 1.574 1.553 1.560 1.591 1.597 1.586 1.611 1.636 1.623 1.613 1.614 1.627 1.644 1.643 1.640 1.647 1.638 1.572 1.483 1.419 1.491 1.061 1.137 1.414 1.397 1.302 1.287 1.176 1.066 0.984 0.944 0.983 0.975 1.017 1.064 1.144 1.386 1.441 1.222 1.019 0.942 0.887 0.921 0.885 0.825 0.822 0.836 0.829 0.786 0.814 0.892 0.984 1.014 0.952 0.942 0.907
1.571 1.569 1.530 1.478 1.506 1.562 1.555 1.517 1.395 1.128 0.956 0.970 1.099 1.306 1.405 1.360 1.425 1.494 1.443 1.490 1.575 1.553 1.549 1.541 1.543 1.564 1.551 1.558 1.588 1.574 1.553 1.557 1.570 1.582 1.576 1.583 1.588 1.570 1.515 1.459 1.302 0.871 1.036 1.145 1.139 1.270 1.127 0.958 1.039 1.008 0.954 0.935 0.903 0.934 0.990 0.998 1.061 1.375 1.475 1.322 1.066 0.967 0.935 0.890 0.811 0.784 0.860 0.834 0.746 0.751 0.771 0.754 0.922 1.014 0.972 0.903 0.908
1.350 1.296 1.195 1.168 1.291 1.359 1.301 1.143 1.003 1.012 1.060 1.056 1.060 1.223 1.367 1.399 1.371 1.393 1.448 1.463 1.457 1.437 1.365 1.354 1.479 1.542 1.531 1.513 1.519 1.493 1.481 1.485 1.497 1.513 1.503 1.493 1.498 1.473 1.385 1.319 1.226 1.004 0.907 0.925 1.002 1.109 1.160 1.003 0.968 0.996 0.940 0.881 0.905 0.899 0.919 0.959 1.026 1.341 1.475 1.393 1.135 0.971 0.914 0.888 0.867 0.847 0.808 0.746 0.747 0.715 0.622 0.722 0.992 1.071 0.970 0.885 0.850
