_input/DEM10_SHD.asc
NCOLS 125
NROWS 111
XLLCORNER 4478435.0000000000
YLLCORNER 5718995.0000000000
CELLSIZE 10.000000
NODATA_VALUE -99999.000
[rows 34 to 67 of 111, columns 0 to 76 of 125]
1.193 1.219 1.224 1.230 1.253 1.248 1.308 1.354 1.367 1.426 1.466 1.505 1.534 1.541 1.617 1.704 1.777 1.819 1.828 1.808 1.737 1.607 1.083 0.685 0.952 0.913 0.939 0.931 0.929 0.927 0.914 0.882 1.038 1.651 1.793 1.812 1.687 1.283 0.867 0.859 0.838 0.821 0.917 0.948 0.953 0.956 0.942 0.945 0.992 1.064 1.184 1.344 1.422 1.431 1.433 1.309 1.097 0.944 0.969 1.089 1.196 1.227 1.221 1.257 1.294 1.400 1.515 1.679 1.615 1.638 1.599 1.524 1.390 1.095 0.945 0.938 1.000
1.221 1.219 1.247 1.304 1.358 1.391 1.411 1.424 1.475 1.520 1.542 1.583 1.597 1.630 1.682 1.745 1.795 1.822 1.812 1.766 1.667 1.347 0.955 0.904 0.920 0.940 0.936 0.937 0.939 0.920 0.910 0.842 1.191 1.723 1.795 1.848 1.633 1.320 0.995 0.854 0.815 0.781 0.856 0.901 0.915 0.925 0.914 0.923 1.015 1.121 1.254 1.373 1.402 1.376 1.346 1.187 1.018 0.940 0.855 0.941 1.040 1.082 1.083 1.114 1.182 1.194 1.626 1.756 1.515 1.581 1.498 1.446 1.332 1.060 0.925 0.915 0.968
1.284 1.295 1.339 1.400 1.463 1.469 1.440 1.474 1.538 1.577 1.621 1.645 1.650 1.663 1.707 1.767 1.805 1.811 1.784 1.726 1.572 1.061 0.751 0.935 0.884 0.932 0.944 0.943 0.934 0.927 0.922 0.756 1.464 1.791 1.881 1.862 1.509 1.277 1.058 0.855 0.786 0.735 0.771 0.832 0.863 0.886 0.884 0.907 1.042 1.165 1.283 1.376 1.391 1.351 1.261 1.065 0.962 0.933 0.993 1.095 1.116 1.145 1.094 1.072 1.192 1.264 1.725 1.693 1.459 1.489 1.427 1.423 1.322 1.078 0.930 0.903 0.932
1.403 1.418 1.421 1.447 1.487 1.453 1.438 1.508 1.566 1.630 1.666 1.678 1.672 1.671 1.729 1.776 1.796 1.787 1.752 1.682 1.120 0.921 0.840 0.895 0.910 0.929 0.923 0.940 0.950 0.938 0.906 1.094 1.760 1.869 1.920 1.697 1.339 1.215 1.063 0.903 0.746 0.701 0.711 0.764 0.797 0.843 0.877 0.918 1.081 1.191 1.272 1.349 1.375 1.360 1.207 0.998 0.950 0.958 1.063 1.170 1.182 1.216 1.146 1.113 1.247 1.319 1.686 1.598 1.334 1.429 1.428 1.413 1.283 1.110 0.984 0.916 0.911
1.471 1.454 1.448 1.446 1.398 1.395 1.470 1.536 1.618 1.681 1.707 1.703 1.692 1.716 1.750 1.772 1.776 1.753 1.727 1.434 0.856 0.719 0.947 0.918 0.936 0.948 0.935 0.934 0.955 0.971 0.912 1.629 1.816 1.885 1.802 1.450 1.289 1.108 1.027 0.947 0.762 0.681 0.712 0.740 0.767 0.818 0.884 0.949 1.092 1.183 1.263 1.331 1.354 1.308 1.134 1.009 0.958 0.953 1.074 1.239 1.237 1.236 1.198 1.200 1.295 1.307 1.578 1.495 1.309 1.427 1.424 1.367 1.232 1.113 1.035 0.954 0.924
1.437 1.446 1.414 1.325 1.329 1.432 1.539 1.612 1.680 1.740 1.757 1.732 1.731 1.756 1.762 1.752 1.743 1.721 1.534 0.887 0.861 0.832 0.945 0.922 0.932 0.925 0.925 0.932 0.941 0.929 1.532 1.763 1.849 1.793 1.582 1.417 1.153 1.065 1.025 0.985 0.896 0.703 0.738 0.748 0.758 0.797 0.865 0.971 1.094 1.170 1.248 1.296 1.296 1.269 1.082 0.955 0.995 1.043 1.078 1.222 1.273 1.272 1.225 1.235 1.305 1.284 1.509 1.452 1.323 1.397 1.371 1.305 1.188 1.097 1.038 0.988 1.037
1.438 1.410 1.323 1.284 1.366 1.521 1.615 1.680 1.752 1.793 1.777 1.760 1.767 1.755 1.718 1.707 1.650 1.384 0.925 0.888 0.807 0.932 0.928 0.917 0.916 0.899 0.905 0.924 0.908 1.191 1.716 1.833 1.778 1.608 1.501 1.209 1.123 1.121 1.096 1.036 1.010 0.850 0.769 0.763 0.763 0.768 0.827 0.949 1.084 1.154 1.215 1.301 1.315 1.243 1.165 1.078 1.022 1.095 1.320 1.347 1.280 1.206 1.177 1.236 1.290 1.275 1.403 1.406 1.369 1.338 1.276 1.267 1.246 1.152 1.081 1.025 1.042
1.405 1.337 1.296 1.376 1.476 1.592 1.690 1.766 1.811 1.811 1.796 1.774 1.731 1.683 1.613 1.393 1.137 1.037 0.966 0.943 0.875 0.919 0.903 0.916 0.909 0.893 0.925 0.930 0.672 1.692 1.817 1.770 1.601 1.562 1.243 1.078 1.117 1.138 1.143 1.114 1.059 0.966 0.829 0.774 0.769 0.735 0.795 0.923 1.053 1.187 1.232 1.263 1.108 1.028 1.051 1.075 1.189 1.412 1.492 1.437 1.294 1.171 1.135 1.171 1.244 1.290 1.332 1.348 1.350 1.294 1.195 1.122 1.109 1.113 1.076 1.022 0.954
1.353 1.330 1.372 1.455 1.558 1.689 1.777 1.820 1.829 1.812 1.782 1.714 1.641 1.527 1.095 0.982 1.056 1.032 0.979 0.897 0.878 0.914 0.908 0.921 0.918 0.916 0.946 0.868 1.519 1.787 1.748 1.599 1.573 1.322 1.070 1.039 1.092 1.163 1.181 1.139 1.083 1.013 0.875 0.729 0.699 0.720 0.966 1.107 1.046 0.959 1.019 1.138 1.199 1.088 0.989 0.907 1.178 1.357 1.407 1.404 1.252 1.159 1.144 1.164 1.225 1.283 1.330 1.356 1.346 1.311 1.244 1.110 0.979 0.965 0.967 0.881 0.832
1.379 1.387 1.465 1.550 1.663 1.760 1.816 1.836 1.824 1.783 1.706 1.625 1.497 1.003 0.893 0.958 1.033 1.018 0.984 0.938 0.906 0.939 0.934 0.937 0.938 0.960 0.905 0.259 1.712 1.705 1.584 1.585 1.409 1.063 0.978 0.997 1.077 1.173 1.203 1.175 1.074 1.061 1.120 1.067 0.994 0.905 0.880 1.019 1.187 1.167 1.108 0.941 0.929 0.929 0.924 1.064 1.195 1.232 1.287 1.338 1.231 1.159 1.165 1.163 1.224 1.258 1.297 1.310 1.291 1.278 1.251 1.189 1.087 1.039 1.062 1.021 0.979
1.457 1.497 1.576 1.645 1.738 1.809 1.842 1.835 1.791 1.704 1.615 1.512 1.021 0.878 0.905 0.962 0.993 0.988 0.975 0.929 0.953 0.919 0.937 0.930 0.943 0.946 0.510 1.532 1.623 1.602 1.598 1.425 1.017 0.939 0.921 0.931 1.032 1.154 1.230 1.244 1.156 1.006 0.993 1.039 1.067 1.107 0.959 0.878 0.970 1.045 1.107 1.078 0.981 0.962 0.940 1.105 1.228 1.152 1.141 1.263 1.259 1.186 1.166 1.155 1.207 1.252 1.273 1.267 1.259 1.244 1.235 1.201 1.098 1.049 1.082 1.063 1.030
1.568 1.596 1.645 1.722 1.803 1.844 1.841 1.801 1.728 1.639 1.503 1.041 0.871 0.875 0.913 0.947 0.990 0.964 0.935 0.973 0.963 0.942 0.928 0.924 0.940 0.730 1.408 1.503 1.566 1.532 1.343 0.993 0.897 0.884 0.881 0.906 1.045 1.084 0.991 1.001 1.102 1.154 1.011 0.872 0.605 0.679 0.799 0.931 1.010 1.048 1.084 1.081 1.033 1.027 1.031 1.060 1.140 1.139 1.088 1.243 1.319 1.230 1.167 1.118 1.176 1.235 1.264 1.249 1.217 1.210 1.214 1.195 1.102 1.046 1.071 1.063 1.041
1.615 1.646 1.718 1.792 1.833 1.832 1.800 1.746 1.686 1.564 1.130 0.814 0.834 0.868 0.907 0.910 1.000 0.960 0.969 0.966 0.958 0.974 0.948 0.959 0.849 1.327 1.439 1.416 1.386 1.312 1.095 0.923 0.901 0.966 0.943 0.867 0.860 1.052 1.065 0.902 0.740 0.816 0.860 0.880 0.859 0.797 0.806 0.883 0.965 1.034 1.074 1.085 1.072 1.055 1.061 1.079 1.112 1.073 1.064 1.250 1.357 1.244 1.155 1.111 1.149 1.230 1.255 1.221 1.188 1.184 1.194 1.173 1.096 1.043 1.048 1.057 1.044
1.672 1.703 1.753 1.797 1.810 1.788 1.756 1.721 1.617 1.223 0.836 0.823 0.837 0.828 0.929 0.950 0.921 0.979 0.987 0.979 0.961 0.955 0.972 0.909 1.033 1.378 1.323 1.302 1.291 1.067 1.012 0.973 0.869 0.848 0.944 0.940 0.800 0.732 0.780 0.788 0.856 0.883 0.883 0.875 0.873 0.849 0.823 0.878 0.950 1.009 1.065 1.089 1.094 1.091 1.096 1.104 1.084 0.963 0.996 1.250 1.375 1.299 1.177 1.122 1.153 1.211 1.233 1.216 1.167 1.148 1.171 1.158 1.092 1.037 1.029 1.039 1.034
1.695 1.706 1.738 1.761 1.767 1.762 1.720 1.571 1.224 0.947 0.853 0.816 0.871 0.851 0.877 0.964 0.964 0.954 0.944 0.973 0.982 0.966 0.924 0.773 1.227 1.171 1.192 1.198 1.126 0.852 0.822 0.924 0.935 0.608 0.545 0.682 0.802 0.856 0.823 0.764 0.778 0.831 0.867 0.870 0.853 0.840 0.814 0.834 0.904 0.982 1.048 1.115 1.143 1.110 1.071 1.038 1.043 0.980 0.963 1.224 1.392 1.347 1.221 1.158 1.158 1.209 1.228 1.223 1.197 1.151 1.140 1.133 1.092 1.020 1.004 1.022 1.016
1.672 1.679 1.694 1.725 1.745 1.646 1.384 1.143 1.027 0.935 0.943 0.863 0.836 0.900 0.902 0.954 0.978 0.955 0.940 0.945 0.959 0.945 0.816 1.109 0.883 1.044 1.128 0.767 0.793 0.961 0.617 0.445 0.596 0.648 0.696 0.731 0.778 0.827 0.805 0.795 0.769 0.777 0.780 0.801 0.793 0.765 0.762 0.777 0.877 0.958 1.024 1.092 1.121 1.115 1.114 1.058 0.981 0.910 0.924 1.210 1.422 1.412 1.272 1.191 1.174 1.214 1.247 1.242 1.220 1.174 1.141 1.135 1.130 1.046 1.014 1.036 1.044
1.626 1.620 1.630 1.600 1.407 1.157 1.097 1.125 1.152 0.947 0.875 0.920 0.876 0.917 0.962 0.970 0.958 0.974 0.975 0.957 0.926 0.793 1.054 0.933 1.177 1.268 1.071 0.796 0.383 0.426 0.541 0.644 0.657 0.647 0.684 0.736 0.799 0.828 0.801 0.762 0.730 0.718 0.691 0.682 0.713 0.647 0.653 0.658 0.770 0.900 1.011 1.050 1.084 1.108 1.093 1.051 1.007 0.937 0.929 1.146 1.438 1.500 1.368 1.251 1.203 1.224 1.249 1.281 1.260 1.208 1.173 1.149 1.153 1.104 1.062 1.074 1.095
1.418 1.335 1.191 1.112 1.131 1.154 1.162 1.139 1.090 0.990 0.898 0.903 0.967 0.971 1.002 1.008 0.977 0.968 0.970 0.971 0.777 0.958 1.249 1.393 1.358 1.134 0.765 0.551 0.536 0.473 0.543 0.613 0.679 0.704 0.683 0.708 0.762 0.793 0.772 0.723 0.709 0.666 0.661 0.589 0.635 0.609 0.546 0.565 0.690 0.836 0.892 0.985 0.980 1.014 1.088 1.090 1.073 1.062 1.103 1.220 1.473 1.557 1.466 1.310 1.262 1.241 1.277 1.337 1.320 1.279 1.227 1.195 1.203 1.185 1.148 1.121 1.128
0.929 1.014 1.064 1.104 1.080 1.121 1.186 1.200 1.123 0.951 0.868 0.949 0.991 1.014 1.013 1.040 1.021 1.002 0.959 0.877 1.191 1.325 1.447 1.345 1.215 0.989 0.693 0.503 0.468 0.549 0.593 0.549 0.582 0.636 0.630 0.662 0.692 0.753 0.763 0.734 0.720 0.694 0.669 0.645 0.589 0.615 0.635 0.617 0.557 0.631 0.732 0.749 0.866 0.986 1.107 1.208 1.312 1.297 1.191 1.282 1.531 1.600 1.524 1.385 1.323 1.294 1.353 1.409 1.392 1.357 1.297 1.266 1.286 1.287 1.240 1.199 1.206
0.948 1.043 1.040 1.026 1.087 1.164 1.269 1.245 1.051 0.986 0.889 0.963 0.964 1.002 1.032 1.037 1.032 0.992 0.971 1.254 1.422 1.486 1.380 1.213 1.069 0.833 0.588 0.589 0.575 0.577 0.573 0.510 0.483 0.481 0.536 0.569 0.668 0.744 0.790 0.768 0.757 0.733 0.714 0.727 0.739 0.698 0.657 0.642 0.557 0.569 0.586 0.432 0.507 0.949 1.240 1.356 1.428 1.406 1.379 1.452 1.544 1.610 1.580 1.472 1.418 1.403 1.453 1.474 1.453 1.422 1.376 1.357 1.353 1.346 1.311 1.304 1.313
0.891 0.957 1.045 1.075 1.116 1.217 1.317 1.292 1.037 0.925 0.926 0.929 0.934 0.972 1.027 1.034 0.998 0.999 1.341 1.505 1.509 1.379 1.189 1.057 0.944 0.797 0.644 0.592 0.589 0.549 0.484 0.470 0.427 0.445 0.474 0.522 0.639 0.711 0.794 0.830 0.852 0.827 0.748 0.745 0.783 0.826 0.890 0.885 0.832 0.511 0.490 0.495 0.582 1.125 1.392 1.474 1.515 1.514 1.502 1.492 1.535 1.637 1.633 1.560 1.489 1.470 1.498 1.508 1.503 1.479 1.442 1.425 1.416 1.407 1.407 1.411 1.413
0.987 1.013 1.044 1.089 1.145 1.263 1.373 1.321 1.048 0.887 0.900 0.907 0.943 0.963 0.958 0.992 1.251 1.379 1.499 1.512 1.372 1.209 1.086 0.986 0.877 0.763 0.658 0.581 0.521 0.480 0.431 0.445 0.469 0.480 0.454 0.499 0.586 0.750 0.805 0.815 0.833 0.860 0.816 0.806 0.849 0.996 1.055 0.964 0.870 0.742 0.641 0.722 1.088 1.314 1.428 1.518 1.585 1.578 1.573 1.550 1.518 1.656 1.672 1.602 1.537 1.526 1.525 1.546 1.550 1.519 1.495 1.481 1.457 1.464 1.483 1.476 1.482
0.983 1.027 1.064 1.104 1.181 1.325 1.428 1.351 1.070 0.894 0.875 0.914 0.933 0.926 0.725 1.160 1.317 1.466 1.466 1.332 1.255 1.172 1.017 0.858 0.802 0.767 0.638 0.547 0.509 0.444 0.433 0.434 0.457 0.472 0.500 0.531 0.554 0.653 0.777 0.853 0.876 0.897 0.901 0.959 1.054 1.080 1.120 1.007 0.860 0.746 0.918 1.170 1.301 1.438 1.525 1.597 1.625 1.618 1.590 1.444 1.463 1.716 1.685 1.637 1.593 1.570 1.555 1.571 1.574 1.549 1.537 1.515 1.500 1.507 1.518 1.527 1.550
0.977 1.027 1.072 1.125 1.225 1.382 1.446 1.350 1.107 0.926 0.850 0.932 0.928 0.744 0.833 1.065 1.343 1.379 1.335 1.297 1.188 1.069 1.004 0.900 0.772 0.699 0.607 0.503 0.384 0.350 0.344 0.420 0.484 0.539 0.574 0.554 0.437 0.457 0.671 0.726 0.896 1.078 1.122 1.171 1.103 1.149 1.164 1.124 1.080 1.094 1.250 1.378 1.453 1.524 1.573 1.588 1.591 1.553 1.493 1.292 1.575 1.766 1.689 1.673 1.637 1.600 1.580 1.591 1.591 1.574 1.560 1.546 1.541 1.530 1.553 1.590 1.595
0.943 0.983 1.066 1.148 1.263 1.406 1.433 1.344 1.155 0.945 0.916 0.945 0.894 0.122 0.666 1.002 1.259 1.329 1.368 1.322 1.179 1.021 0.936 0.818 0.663 0.605 0.529 0.427 0.250 0.129 0.314 0.423 0.479 0.497 0.484 0.397 0.274 0.379 0.461 0.712 1.112 1.261 1.329 1.328 1.318 1.339 1.320 1.269 1.198 1.252 1.370 1.432 1.484 1.540 1.543 1.558 1.544 1.482 1.490 1.368 1.682 1.749 1.698 1.707 1.674 1.630 1.610 1.604 1.606 1.594 1.585 1.580 1.559 1.559 1.583 1.612 1.618
0.911 0.909 1.010 1.147 1.274 1.395 1.417 1.333 1.246 1.008 0.990 0.962 0.692 0.569 0.608 1.054 1.318 1.395 1.358 1.301 1.197 1.031 0.862 0.736 0.601 0.472 0.482 0.421 0.217 0.239 0.366 0.400 0.416 0.402 0.283 0.129 0.524 0.454 0.540 1.105 1.368 1.454 1.508 1.511 1.478 1.427 1.396 1.324 1.255 1.274 1.351 1.451 1.514 1.531 1.570 1.564 1.506 1.510 1.553 1.471 1.646 1.752 1.788 1.744 1.704 1.660 1.630 1.608 1.614 1.614 1.609 1.592 1.587 1.568 1.581 1.621 1.637
0.888 0.863 0.944 1.109 1.275 1.363 1.373 1.309 1.131 1.052 0.988 0.895 0.732 0.665 0.932 1.240 1.386 1.386 1.344 1.298 1.189 1.069 1.017 0.757 0.587 0.767 0.756 0.792 0.743 0.583 0.720 0.745 0.707 0.652 0.651 0.790 0.720 0.659 1.097 1.462 1.568 1.594 1.593 1.549 1.500 1.480 1.444 1.377 1.283 1.210 1.353 1.497 1.543 1.587 1.602 1.580 1.563 1.557 1.613 1.588 1.686 1.817 1.848 1.758 1.713 1.671 1.645 1.617 1.624 1.633 1.610 1.595 1.589 1.579 1.604 1.615 1.639
0.895 0.875 0.917 1.084 1.211 1.262 1.244 1.124 1.040 1.020 0.980 0.684 0.798 0.993 1.207 1.328 1.415 1.435 1.380 1.297 1.232 1.139 1.067 0.951 1.054 1.076 1.142 1.163 1.031 0.984 1.031 0.993 1.017 1.113 1.171 1.190 1.134 1.175 1.455 1.619 1.633 1.608 1.609 1.583 1.576 1.520 1.475 1.357 1.197 1.175 1.402 1.557 1.626 1.678 1.644 1.634 1.634 1.657 1.695 1.693 1.736 1.863 1.830 1.611 1.716 1.685 1.657 1.627 1.623 1.629 1.610 1.606 1.598 1.602 1.588 1.597 1.638
0.851 0.846 0.951 1.039 1.092 0.972 0.973 1.091 1.079 0.741 0.560 0.654 0.988 1.228 1.341 1.433 1.465 1.428 1.347 1.324 1.309 1.249 1.175 1.202 1.246 1.290 1.325 1.277 1.218 1.204 1.149 1.151 1.250 1.327 1.383 1.352 1.303 1.400 1.603 1.679 1.663 1.667 1.634 1.604 1.538 1.474 1.437 1.297 1.249 1.316 1.419 1.641 1.792 1.756 1.620 1.650 1.698 1.724 1.733 1.741 1.687 1.846 1.793 1.583 1.725 1.686 1.663 1.631 1.617 1.627 1.609 1.602 1.596 1.599 1.579 1.605 1.635
0.776 0.840 0.773 0.770 0.975 1.037 0.774 0.577 0.701 0.725 0.684 0.909 1.219 1.382 1.475 1.475 1.472 1.445 1.414 1.394 1.367 1.319 1.319 1.365 1.403 1.424 1.383 1.330 1.241 1.209 1.220 1.320 1.380 1.420 1.411 1.371 1.431 1.557 1.673 1.691 1.677 1.628 1.566 1.563 1.509 1.508 1.435 1.364 1.349 1.396 1.656 1.812 1.740 1.537 1.650 1.713 1.738 1.745 1.736 1.729 1.732 1.807 1.632 1.631 1.725 1.690 1.661 1.626 1.604 1.601 1.613 1.600 1.600 1.603 1.583 1.603 1.626
0.719 0.606 0.929 0.806 0.575 0.641 0.707 0.753 0.712 0.795 1.084 1.285 1.399 1.500 1.520 1.526 1.509 1.471 1.439 1.421 1.444 1.441 1.435 1.438 1.457 1.410 1.363 1.348 1.325 1.352 1.393 1.414 1.414 1.431 1.431 1.467 1.513 1.595 1.637 1.623 1.629 1.590 1.580 1.549 1.507 1.496 1.459 1.446 1.484 1.579 1.637 1.679 1.701 1.736 1.751 1.743 1.752 1.735 1.707 1.713 1.679 1.672 1.664 1.734 1.716 1.671 1.642 1.611 1.584 1.601 1.618 1.600 1.600 1.591 1.591 1.609 1.617
0.949 0.756 0.632 0.642 0.703 0.679 0.657 0.678 0.858 1.209 1.377 1.459 1.525 1.549 1.555 1.536 1.484 1.497 1.513 1.502 1.469 1.444 1.422 1.442 1.453 1.455 1.487 1.513 1.496 1.491 1.484 1.456 1.465 1.470 1.467 1.459 1.494 1.567 1.582 1.597 1.593 1.566 1.539 1.498 1.543 1.587 1.587 1.569 1.552 1.601 1.672 1.728 1.766 1.789 1.755 1.732 1.722 1.673 1.661 1.688 1.629 1.631 1.736 1.763 1.696 1.648 1.618 1.601 1.589 1.591 1.604 1.597 1.597 1.597 1.601 1.591 1.597
0.863 0.760 0.731 0.687 0.664 0.603 0.541 0.896 1.338 1.482 1.519 1.545 1.547 1.543 1.561 1.539 1.531 1.531 1.492 1.443 1.450 1.469 1.490 1.517 1.545 1.566 1.595 1.594 1.561 1.529 1.486 1.454 1.439 1.413 1.415 1.455 1.505 1.531 1.531 1.527 1.527 1.548 1.582 1.610 1.657 1.654 1.626 1.567 1.561 1.656 1.706 1.710 1.755 1.794 1.763 1.699 1.649 1.605 1.575 1.636 1.712 1.787 1.822 1.726 1.617 1.638 1.602 1.593 1.585 1.578 1.600 1.604 1.595 1.588 1.585 1.577 1.596
0.811 0.713 0.671 0.687 0.608 0.624 1.040 1.407 1.536 1.548 1.538 1.561 1.586 1.584 1.562 1.531 1.507 1.502 1.508 1.530 1.544 1.553 1.560 1.579 1.609 1.622 1.621 1.578 1.523 1.471 1.408 1.403 1.396 1.406 1.448 1.454 1.467 1.498 1.528 1.568 1.579 1.615 1.598 1.601 1.641 1.635 1.607 1.562 1.592 1.661 1.670 1.676 1.720 1.735 1.724 1.627 1.487 1.561 1.736 1.884 1.789 1.560 1.627 1.613 1.610 1.642 1.588 1.587 1.584 1.566 1.587 1.605 1.589 1.588 1.584 1.566 1.591
