_input/DEM10_L-FB4.asc
NCOLS 125
NROWS 111
XLLCORNER 4478435.0000000000
YLLCORNER 5718995.0000000000
CELLSIZE 10.000000
NODATA_VALUE -99999.0000
[rows 28 to 55 of 111, columns 0 to 62 of 125]
18.2005 31.8362 36.0481 19.0760 27.9787 32.4927 31.9734 29.7042 24.0291 20.3793 19.1212 18.9972 21.3650 24.2284 26.4907 28.1567 29.1734 28.1524 26.0564 24.5253 24.0500 25.6506 28.3041 30.3858 36.9468 176.8407 244.3369 56.5941 29.0683 23.2648 21.2266 19.0456 16.2466 12.7053 12.7473 15.6502 18.4728 93.8609 183.0643 151.8909 45.0389 26.2002 25.0931 32.4386 41.0554 37.4034 34.4463 30.1222 27.2402 25.5649 22.2060 -99999.0000 -99999.0000 -99999.0000 -99999.0000 -99999.0000 -99999.0000 -99999.0000 -99999.0000 -99999.0000 -99999.0000 -99999.0000 -99999.0000
19.8233 18.4563 21.0456 27.2116 28.5477 28.7341 28.3202 25.8422 22.3027 18.8436 18.8491 20.4046 22.5507 24.9709 25.8766 27.2510 25.9646 24.7598 23.1335 23.1480 24.5350 26.4418 28.4929 30.4180 71.9622 254.4076 113.0934 28.8843 22.6794 21.0821 19.5080 18.0411 15.0266 13.2444 14.6592 17.0373 19.4395 119.7369 182.5612 122.7104 29.7504 26.2902 26.1471 31.7479 40.0211 35.6965 33.0963 29.1660 26.2815 25.1490 23.0126 -99999.0000 -99999.0000 -99999.0000 -99999.0000 -99999.0000 -99999.0000 -99999.0000 -99999.0000 -99999.0000 -99999.0000 -99999.0000 -99999.0000
14.2327 19.8452 23.4359 25.1621 25.7205 25.6400 25.3528 24.2463 20.6648 18.2577 19.3462 21.2165 23.0287 23.9657 24.4848 24.6462 23.9105 22.7023 22.2195 23.0040 24.7349 26.7953 28.0396 29.8536 208.6107 197.4753 49.3857 27.2196 25.1731 20.6278 17.7544 16.5174 13.8320 13.8691 15.3516 18.0195 23.5206 108.3848 210.5055 74.9312 26.6086 26.0405 27.0500 31.6711 37.9055 34.2219 31.7203 28.4912 25.8616 24.5601 22.2463 19.5712 -99999.0000 -99999.0000 -99999.0000 -99999.0000 -99999.0000 -99999.0000 -99999.0000 -99999.0000 -99999.0000 -99999.0000 -99999.0000
14.0849 18.3766 20.9254 23.0297 23.7129 24.0614 23.7101 21.6460 18.2375 18.2558 19.6429 21.0487 21.7508 22.3963 22.8723 23.1412 22.0215 21.4022 22.3066 23.9416 25.5962 27.2935 29.7734 140.9023 237.8384 83.3974 28.3372 24.1363 23.5789 21.5439 17.2201 15.0269 13.8578 13.8042 15.1270 18.2191 29.7732 116.9888 214.0983 27.0123 24.9380 25.0325 26.8914 32.0996 34.9922 33.8707 30.2598 26.9471 25.4048 23.8725 21.5910 19.1927 -99999.0000 -99999.0000 -99999.0000 -99999.0000 -99999.0000 -99999.0000 -99999.0000 -99999.0000 -99999.0000 -99999.0000 -99999.0000
13.2581 16.5351 18.7415 21.2905 23.1734 22.3730 20.8141 18.9675 18.2585 18.5406 20.0087 19.6932 20.2611 21.4024 21.9573 21.3414 21.0132 21.8020 23.1998 25.0173 27.0629 29.2687 38.3054 230.3030 137.9924 46.0414 29.0964 27.0310 22.3668 20.6369 17.7979 13.9427 13.2894 13.1220 15.1826 18.5096 41.5104 127.0019 204.5564 28.4166 23.9592 23.8283 27.3287 31.0823 32.9303 31.8630 29.6505 25.7789 24.5880 23.0976 20.9650 19.9716 -99999.0000 -99999.0000 -99999.0000 -99999.0000 23.4417 -99999.0000 -99999.0000 -99999.0000 -99999.0000 -99999.0000 -99999.0000
12.2565 15.6677 18.4148 20.5782 21.0163 19.7966 18.6818 17.9861 18.8347 19.8932 19.0464 19.9149 20.1865 21.2155 20.5498 20.5966 21.3596 23.0049 24.8446 26.9570 29.0025 31.1350 169.5860 211.2023 77.6410 29.9877 30.4070 26.9199 23.9126 20.7775 17.1022 13.6854 12.3827 12.7460 15.3786 18.7870 58.2676 130.5685 194.7886 33.0126 23.6750 22.7718 26.9466 30.0788 30.7232 30.0290 28.3428 24.9047 23.6187 22.2310 21.1959 22.0888 -99999.0000 -99999.0000 -99999.0000 -99999.0000 23.2961 24.0806 21.8099 21.1257 24.4996 28.9771 33.1948
11.5657 15.5204 18.1645 18.7533 18.8784 18.5883 18.4213 19.9288 20.4376 20.9002 21.5580 21.1210 21.1334 20.5545 20.6150 21.2881 22.8828 24.6651 26.6976 28.2926 31.7885 89.0829 228.3598 115.5446 27.7705 28.4061 26.1994 25.4961 23.8784 20.2061 16.9373 12.9310 11.3884 12.2551 15.8516 18.7208 77.7711 130.7244 184.4696 46.1404 25.7634 23.1113 26.2908 28.2481 28.6622 28.4300 26.8866 23.4606 22.4252 22.3005 23.4042 25.2012 30.5883 -99999.0000 -99999.0000 -99999.0000 20.7044 23.6730 19.1324 18.9376 22.1965 28.9331 31.9645
11.2991 14.9322 16.5888 17.6757 18.5422 19.3660 20.9101 23.0953 24.2099 25.3128 25.3521 24.8047 23.6924 22.4139 22.6154 23.1662 24.1075 25.6973 27.5276 29.9438 36.7174 188.4942 184.5294 46.5780 24.2264 26.4638 24.5815 23.0590 21.7270 19.3515 16.4830 12.0441 11.0634 13.1155 15.6784 17.1653 86.6960 136.5584 163.7882 72.5676 32.4659 24.6120 25.5607 26.4541 26.9247 26.7512 25.5921 22.4285 22.4511 23.9219 25.9526 29.0681 34.4792 -99999.0000 -99999.0000 -99999.0000 16.0601 19.8441 18.6969 20.7182 24.7230 28.8381 32.6602
10.8995 14.1634 16.0203 18.0502 20.0618 23.1460 26.7069 28.1789 29.8333 30.6097 30.8359 30.4741 29.1365 27.0892 25.3965 25.8123 26.1129 27.5162 28.7678 29.9536 118.9606 228.7997 65.1777 26.1895 25.0992 23.2272 21.9378 21.6814 20.0741 17.3638 14.9555 11.0562 10.8849 13.1115 15.3453 30.9508 104.8386 139.6123 127.0033 86.8263 46.9183 28.5515 25.1426 24.9431 25.0129 24.8621 24.8479 22.3586 22.8988 25.9373 28.6665 32.2855 36.8338 -99999.0000 -99999.0000 -99999.0000 -99999.0000 17.6721 17.7022 21.0036 23.9827 28.2805 33.2895
10.4438 14.0323 17.0983 19.5958 23.5625 29.2598 30.8892 31.5158 33.0397 34.0093 35.3971 35.5482 35.4056 33.5089 29.9692 28.8979 28.8529 29.2207 30.6878 37.6956 228.4892 96.8538 40.3707 25.7368 26.1763 23.9541 20.4771 18.6895 17.9323 15.9295 12.1092 11.1732 12.3674 15.8107 17.9035 72.3133 113.7394 133.8080 87.3579 84.9219 66.5402 37.2101 27.3325 24.6605 23.9294 23.4553 24.1283 22.6652 24.0007 28.2727 30.7224 34.0758 38.8454 -99999.0000 -99999.0000 -99999.0000 -99999.0000 16.2583 16.4295 19.9024 22.9072 27.9439 32.8139
10.3025 14.7644 18.1743 23.2792 28.3015 29.1318 29.1832 29.6845 30.2124 33.4266 35.2305 37.0980 37.4439 37.3946 35.9172 32.5260 31.6927 32.0798 49.1305 199.7535 162.7387 35.6315 30.9114 25.9975 23.2193 21.5182 20.8985 17.5432 15.3078 13.5382 11.3966 11.8476 15.2378 18.1748 43.0179 88.0483 138.2278 103.8969 53.5105 71.2076 77.3970 51.5783 31.9746 25.9588 23.9450 22.5907 23.1380 23.2725 25.2690 29.7537 31.4178 35.7676 40.2641 43.2604 -99999.0000 -99999.0000 -99999.0000 14.8010 14.6861 18.4863 22.4014 27.8322 31.9147
10.5857 15.2694 20.3657 24.3632 25.0888 24.7423 24.8618 26.1815 28.5573 29.8803 33.7787 36.0622 37.5751 38.7378 39.0138 38.7563 40.2521 87.0329 185.6470 187.0918 37.1008 35.9699 26.4470 25.6137 23.5155 20.4208 17.6094 15.8104 13.7739 10.7367 11.4874 13.3453 16.0558 31.1956 67.6347 135.1495 121.7366 50.0841 44.9434 53.8808 72.1100 66.6757 39.1027 28.8979 24.6148 22.2540 22.6514 23.5301 26.5456 30.5088 32.4573 35.9889 40.0433 42.9184 -99999.0000 -99999.0000 -99999.0000 11.9543 13.1440 16.8839 21.5028 28.9438 31.8572
10.6853 15.8419 20.0939 21.2893 20.7670 21.0607 22.6805 23.6405 25.9819 29.4077 32.0352 35.2656 37.4720 41.5340 43.5672 61.7363 158.9040 201.8180 163.3400 45.8909 37.1067 30.9989 25.5881 25.9890 22.2872 20.8473 18.6038 14.7169 11.2891 10.7358 12.4534 15.4342 25.2827 49.2039 117.5144 135.2470 50.3621 36.9374 40.9492 47.9994 54.6000 67.7049 50.3302 32.8123 26.8605 22.6515 22.9100 23.9372 27.5996 31.6415 33.3265 35.7378 43.6278 42.6122 -99999.0000 -99999.0000 -99999.0000 -99999.0000 11.7067 16.3422 23.1008 28.9784 30.2935
10.7858 15.6556 17.7559 18.4417 19.6267 20.3755 21.1063 22.9879 24.8283 27.9060 30.9176 35.4934 40.2522 44.1960 91.9846 197.5671 161.1023 90.8570 47.4467 39.2967 37.9172 25.5374 22.7035 24.2274 22.8329 18.7301 17.0493 14.2379 10.0000 10.9349 13.5751 21.3897 35.7155 93.1036 141.7834 63.9120 31.0504 33.9982 38.4893 45.5232 48.2072 58.5421 53.9558 39.0541 29.1907 23.9708 23.1061 24.5022 29.2718 33.9372 33.6469 34.9759 43.2409 34.0201 -99999.0000 -99999.0000 -99999.0000 -99999.0000 11.4143 16.8682 24.2237 27.9685 28.4594
10.7062 14.6067 16.3793 17.7954 18.7388 20.2438 22.2399 24.2475 26.3492 27.8003 31.6243 36.0816 41.2532 111.1781 187.1004 81.9384 40.9415 39.8990 40.9542 39.2452 32.1776 27.8544 23.9664 21.8779 20.3270 19.1327 15.0060 10.3127 10.3800 13.1770 18.4820 26.5969 65.3552 136.4695 95.1687 31.8274 28.9846 32.3518 38.4357 44.0735 44.2803 49.3685 50.2694 43.9902 32.5872 26.9267 24.2545 24.2787 31.6166 31.4750 29.2225 28.5457 35.4500 35.2996 25.2527 -99999.0000 -99999.0000 -99999.0000 11.4215 17.1092 22.8025 24.6524 26.5675
10.1563 13.2793 14.9208 16.6648 18.2084 20.6353 22.8689 25.0974 27.6674 30.2078 32.9684 38.1745 109.5542 176.6432 40.2457 32.6690 33.8350 38.0600 36.1331 34.8094 32.5000 22.6936 22.3869 19.8299 18.2007 16.6073 12.6597 10.0562 11.2875 16.8473 20.7638 46.7897 126.1528 115.3223 35.9103 28.9589 28.1641 32.5916 38.8016 42.1341 44.2004 40.3787 40.2850 42.5093 39.1772 35.8750 28.0809 20.6295 26.9490 28.9833 31.4963 33.7009 32.7648 32.3606 24.8931 -99999.0000 -99999.0000 -99999.0000 10.4872 14.3445 20.1293 21.6886 25.3130
10.0000 12.9536 14.9985 16.7273 18.5229 20.2379 22.7632 25.3438 28.3486 31.4801 32.9289 102.1373 167.6362 49.5867 32.4111 31.6019 33.7454 35.0304 32.1776 33.0679 28.1487 23.0820 20.2980 17.9357 15.7998 13.8498 10.1663 11.3238 14.9379 19.6670 46.0948 116.4580 122.6051 40.6338 32.3673 28.0314 27.8850 34.0664 41.0019 40.1972 40.1072 40.6559 38.2415 39.5564 24.6325 29.9542 28.7145 27.0840 26.6651 28.1635 28.4335 31.9246 31.2122 30.3737 26.8752 -99999.0000 -99999.0000 -99999.0000 -99999.0000 12.3666 17.5165 20.4941 24.0804
10.3881 13.6321 15.9586 17.5776 19.2540 21.0743 23.3064 25.9681 28.1775 30.7758 77.3297 158.1336 68.3157 32.9514 31.6230 30.8229 32.4217 32.4918 31.6890 28.1854 24.9855 23.8278 20.0577 17.1092 14.9613 10.1604 11.1638 14.7813 25.5417 55.5208 106.3206 116.2255 49.9066 31.6373 31.8728 29.3015 26.7277 35.7629 41.3219 38.1047 26.0706 32.9921 34.3726 35.9523 36.5782 31.4807 27.5923 25.1067 26.4846 26.1079 27.2972 28.8552 29.1656 29.0998 29.5999 -99999.0000 -99999.0000 -99999.0000 -99999.0000 11.2347 15.5080 19.3698 23.3496
11.0169 14.2447 16.1938 18.4927 20.8890 23.0944 24.8081 26.6745 30.2143 55.8915 148.2797 95.7496 36.3963 30.9266 30.5677 30.9463 29.3242 31.7712 28.9053 25.0520 22.2148 19.8800 17.9120 15.8262 10.3140 11.1738 16.6460 30.8206 49.9218 92.9484 110.4670 66.4913 34.5868 29.2451 30.1054 31.5502 27.8721 26.8547 38.7422 35.5234 33.7040 31.8838 32.1751 32.5546 32.9580 31.4873 27.3635 25.0509 24.4215 24.3777 25.7615 26.2435 27.9238 28.1015 29.6018 27.7859 -99999.0000 -99999.0000 -99999.0000 10.0456 13.2695 18.3874 21.4680
11.4741 15.3900 17.7305 19.8206 22.3573 24.7552 27.2209 36.3018 76.9832 133.5121 106.9027 43.6403 34.2719 29.5388 26.9641 31.8690 29.6645 29.5067 23.5690 23.2763 21.8225 18.1548 16.3203 10.6474 10.5411 18.3657 28.6776 48.4845 90.3131 106.0858 65.8864 35.1228 36.8616 25.9110 21.5907 26.4538 28.1180 32.4300 35.8822 32.8885 30.7265 29.9993 31.2892 30.7914 30.7134 29.6565 26.9457 23.9952 23.1470 23.2515 24.0110 25.1595 26.3373 28.3386 29.5165 28.8526 -99999.0000 -99999.0000 -99999.0000 -99999.0000 11.5991 16.9737 19.8921
11.7326 16.3153 19.1522 21.6228 24.0238 30.3496 54.3367 96.3845 115.3819 99.7842 55.3679 38.4099 30.0044 31.0782 28.1281 27.1023 31.3934 25.9836 21.9426 20.0895 18.7296 17.5438 12.8983 10.5298 18.9707 23.0279 34.9447 78.5000 98.1080 69.6154 36.4426 22.6416 30.3127 30.1231 27.6283 25.7496 26.1498 30.1191 33.3002 32.7043 30.0192 29.2782 29.3825 29.0292 28.7639 27.6226 25.9019 22.9036 21.9162 21.9662 23.3342 24.1526 26.8559 28.2065 28.1296 27.4120 -99999.0000 -99999.0000 -99999.0000 -99999.0000 11.3191 15.6460 18.1406
11.7436 16.5623 20.4746 25.6668 44.1015 77.5929 92.6621 85.9903 69.8178 64.5764 49.1213 37.3184 29.1501 28.3130 26.5893 29.2562 25.2865 25.3125 22.6796 19.0626 16.6111 14.1218 11.9014 16.9781 16.3286 15.9577 33.3906 105.8642 40.8055 53.1520 37.1632 31.7476 28.6870 27.1052 25.4058 25.0887 25.4364 28.9964 30.5342 30.0814 29.0654 28.8307 28.4261 26.7206 27.0694 25.7795 24.3347 21.6053 20.9041 21.2957 22.6107 23.8104 25.9264 25.5827 25.6658 24.5522 21.6982 -99999.0000 -99999.0000 -99999.0000 10.9388 14.5443 16.2731
11.6181 19.2303 35.6763 66.2715 79.7685 69.5275 47.8341 47.8844 62.0466 70.1639 43.8082 31.3329 28.0576 25.5670 27.7195 25.3556 24.7202 22.1629 20.0279 17.9909 14.3820 11.5855 13.8078 13.1126 13.0471 17.4909 61.9257 90.0030 66.9681 39.3509 31.5589 27.6272 27.7433 27.2271 24.7688 23.2842 24.4695 26.2404 28.3647 27.8013 27.5976 27.2903 27.3829 24.8770 24.9556 24.1796 22.3597 20.5658 19.1581 20.2014 21.8281 23.2431 23.3476 23.6323 21.2919 20.3575 17.7994 -99999.0000 -99999.0000 -99999.0000 10.0000 12.5346 14.8289
21.9568 48.7596 62.9087 57.3862 40.9599 32.1316 35.0335 48.8796 62.2886 64.1507 41.1717 27.5687 25.1170 24.9096 22.4284 24.4810 23.4149 20.2933 17.1536 15.6380 11.7054 11.5313 12.3696 14.3249 23.5894 44.2602 82.9175 65.7205 45.4995 37.5442 32.9513 26.7214 25.1114 25.2999 23.3020 22.7617 22.4809 24.2377 25.5344 25.1287 26.1212 25.2219 25.6085 24.1589 21.9230 22.4617 20.0523 19.5957 18.5423 20.5582 20.0192 20.4578 20.7691 17.7196 16.8317 16.4528 15.7379 -99999.0000 -99999.0000 -99999.0000 -99999.0000 10.7986 14.0163
37.1549 47.1020 43.6831 35.9098 29.5091 25.2589 32.5479 47.1971 65.9782 60.5445 35.5839 24.9999 22.0976 21.2218 21.3994 21.1298 20.3535 18.1397 15.7360 11.0044 12.5216 12.6095 16.3499 24.5486 40.6027 68.8894 72.4214 52.7217 37.6910 34.7772 32.4544 28.4459 24.6380 22.8948 22.1616 21.1425 21.1305 21.7621 22.7406 24.4928 23.4616 24.4863 22.5202 22.2987 20.1666 19.3141 19.0284 18.9948 18.1341 15.4378 15.8898 16.4713 15.2937 13.6591 13.7093 14.4073 14.8433 -99999.0000 -99999.0000 -99999.0000 -99999.0000 10.0000 13.7665
41.5782 45.7941 38.4576 28.2656 25.1011 23.7927 30.5965 51.1773 67.5842 52.1362 34.6330 21.7431 19.6269 19.0209 19.1052 18.2479 17.6218 14.8873 11.5349 12.0305 13.3498 17.5835 28.1565 43.4795 57.3135 66.5717 49.8046 36.9165 34.8150 31.5036 30.0917 30.1852 26.2604 22.5792 20.9350 19.6273 20.0649 19.8249 21.6824 21.5672 21.8518 21.5136 21.4163 19.7657 18.8475 18.6752 16.3359 16.6933 14.6962 12.2124 11.2914 13.2857 10.4439 10.8227 12.2870 13.3960 15.0538 16.3135 -99999.0000 -99999.0000 -99999.0000 10.0137 13.9217
46.6508 42.6912 30.8287 26.7602 23.6863 23.4159 29.3479 50.7922 68.6047 47.9789 29.1735 19.4186 19.6378 17.7646 15.9085 16.2081 13.7052 11.5771 12.8295 14.4823 20.6583 30.5757 40.7099 48.5590 52.7893 47.0311 38.1595 32.9158 30.2724 29.5242 27.1504 27.2749 26.4240 24.1595 21.0731 19.6420 18.3889 18.8725 19.0740 20.4494 19.6637 20.5363 18.9751 17.1471 16.5047 15.2565 15.7050 17.0030 19.6859 27.7119 10.0000 10.9641 10.0000 10.3194 12.0727 14.1502 15.9095 17.7115 -99999.0000 -99999.0000 -99999.0000 10.2967 13.7363
46.0965 40.8257 29.0838 25.0307 22.8583 22.8051 28.3677 48.9868 65.8663 47.1685 24.6698 19.4292 18.4872 16.2330 14.9812 10.3255 12.0925 14.2654 16.0996 22.8917 30.0741 35.7048 40.5496 43.6087 40.5120 34.8779 31.7238 28.8999 27.7104 25.6299 25.7493 25.1481 24.7475 23.6347 21.6766 18.9893 16.8230 16.8779 17.8514 17.8817 17.4725 17.2042 15.8789 15.0263 13.8410 14.7930 15.7223 17.4793 18.1607 21.1870 34.7032 12.0982 13.1340 13.2547 13.7937 14.2856 16.1342 17.8003 -99999.0000 -99999.0000 -99999.0000 -99999.0000 12.7152
