_input/DEM10_L-FB4.asc
NCOLS 125
NROWS 111
XLLCORNER 4478435.0000000000
YLLCORNER 5718995.0000000000
CELLSIZE 10.000000
NODATA_VALUE -99999.0000
[rows 0 to 27 of 111, columns 0 to 62 of 125]
12.9231 22.2854 32.6972 43.6795 69.7753 45.1957 35.3415 24.9426 18.9120 15.6710 12.9850 10.9039 10.0402 12.1130 15.6709 18.6266 22.9078 26.3591 29.2637 31.7998 34.6371 36.8547 39.4389 41.9423 43.6907 45.2725 46.4418 47.4835 47.1332 48.1439 48.2445 48.1626 46.9168 47.0211 47.2260 46.2107 46.8233 47.1525 45.2867 44.6032 45.2814 44.9143 44.4853 43.8470 -99999.0000 -99999.0000 -99999.0000 10.1313 14.2141 17.1668 19.2460 21.7189 25.7264 29.5528 33.6455 36.5629 39.2313 41.7484 43.1618 45.2585 49.2968 52.8223 53.9696
12.4968 18.2640 23.4660 26.7713 26.7323 24.8182 23.4090 22.6224 19.3652 16.7220 16.4939 12.6416 10.0000 11.6867 14.9916 19.2644 21.1488 23.9127 25.7786 28.5938 29.6054 31.3790 33.1870 34.8899 36.7310 38.8292 40.9014 42.1353 43.5094 44.8064 45.6305 46.2342 47.0391 47.5986 47.9780 48.2542 47.7215 47.3836 47.9432 47.3750 46.4274 46.0103 45.7913 45.6524 -99999.0000 -99999.0000 -99999.0000 10.0000 13.3774 16.7283 19.6945 22.2195 24.5317 26.6147 28.0982 29.4458 31.1985 32.6616 35.4123 37.8716 38.6336 38.0352 36.2490
11.8267 16.6841 20.3932 23.4113 22.8404 18.7641 16.7634 17.1191 17.0010 16.7854 15.0545 13.9368 10.6156 10.9184 13.5165 16.7100 19.3152 20.5714 20.3946 22.6342 23.4755 24.8912 26.0965 27.5450 28.7495 29.8442 31.3983 32.1951 34.1076 35.1949 36.1019 37.2028 38.6759 39.4157 39.6787 40.4301 41.3362 40.6999 40.9089 41.7283 41.2909 40.8111 40.6605 40.0418 -99999.0000 -99999.0000 -99999.0000 -99999.0000 11.2601 14.7985 17.4521 19.8066 21.1053 22.0799 22.2086 22.9678 24.0948 24.7912 26.4240 28.7053 29.4240 26.3838 28.1781
11.5871 16.0149 19.0587 20.4173 18.3358 11.3885 14.5788 15.2996 16.1294 16.6941 15.6919 15.6277 14.9167 10.1816 11.1472 12.4558 14.6147 16.8837 20.5831 21.0767 22.7496 24.0116 25.0522 25.4556 26.1573 27.4297 27.9199 28.7276 29.6067 30.5265 31.3729 32.5554 33.2113 33.9277 34.4015 35.2985 35.5041 36.4079 36.8121 37.3804 37.3906 37.2550 37.3119 37.6205 -99999.0000 -99999.0000 -99999.0000 -99999.0000 10.1569 14.2426 16.8911 18.3742 19.6393 20.4370 20.8949 21.5508 22.2780 24.2406 25.7470 24.3277 20.8264 19.4330 19.7530
11.4349 15.7292 18.1661 20.0871 16.9147 12.9787 16.1355 16.7026 17.6424 18.0373 17.7500 17.0475 17.1149 13.4082 11.7971 10.6152 11.9954 13.2602 15.4883 17.9839 19.9081 22.0075 23.4938 24.6891 25.6020 25.8137 25.9102 26.3385 27.2293 27.6934 28.3481 29.4033 30.8014 31.4810 31.9453 32.4100 32.6549 33.8933 34.5933 34.5830 33.9719 34.5906 35.1530 35.5790 32.8311 -99999.0000 -99999.0000 -99999.0000 10.4027 13.7185 16.7559 18.3995 20.1990 20.1232 21.2202 21.7166 25.0964 25.3019 22.5498 19.9972 20.4376 21.8101 20.7308
11.3784 15.5211 18.2383 19.4478 21.8988 25.5380 21.4265 20.4141 20.4889 20.2134 19.7900 19.1456 17.4504 17.0139 15.1466 14.5183 12.1293 13.1653 13.2883 13.9767 15.7597 17.6360 19.6701 21.7494 21.6663 21.9092 23.0649 24.1158 25.3793 26.6493 27.2915 28.4078 28.8389 29.8377 30.5949 30.9050 31.0998 31.6262 33.2751 33.6730 33.8851 33.4319 34.3761 34.1389 33.5621 -99999.0000 -99999.0000 -99999.0000 -99999.0000 12.7194 16.6016 18.9556 20.9914 22.3249 24.3317 24.5411 22.4692 19.5643 20.6139 25.4554 21.7767 127.9198 49.6288
10.4911 13.7382 15.5001 17.0901 18.7637 26.4524 34.4325 31.6889 26.0689 23.0281 21.9548 20.8752 20.0090 18.5073 17.9400 18.4365 15.3643 14.4643 14.9548 14.5759 14.5339 14.9939 16.3022 18.3531 20.3509 20.8174 21.9078 22.8485 24.1041 25.7402 27.5156 28.1828 28.7185 29.6344 30.7242 30.9374 30.9173 31.2571 32.2621 33.6451 34.3270 34.7300 34.6190 34.7237 33.5604 -99999.0000 -99999.0000 -99999.0000 -99999.0000 11.4582 16.1141 20.2548 22.8981 24.6706 24.8594 21.9351 16.6796 42.6625 28.9783 111.3163 121.4273 61.5836 48.1815
10.0000 11.3169 11.7023 12.8339 15.1687 18.1497 29.4291 38.2464 38.5755 31.7767 25.2064 22.9150 21.6830 20.6735 20.4319 19.8088 20.6708 16.4653 17.4230 17.3089 16.4745 15.6508 16.3060 18.0104 20.2845 21.4770 22.1594 22.5592 23.6636 24.6718 26.7066 28.7849 29.2329 30.2950 31.1489 31.9569 32.1724 31.9045 32.4989 33.2632 34.6500 35.4503 35.6823 36.2144 34.7523 -99999.0000 -99999.0000 -99999.0000 -99999.0000 11.3801 15.6465 18.2391 19.8157 20.6995 20.3363 49.7713 83.8316 92.8364 103.8049 50.1824 48.8991 37.5766 38.4886
10.8980 11.7387 11.2681 11.5753 12.8126 15.1868 21.5655 32.6202 43.2270 44.4605 36.4536 27.9312 24.5351 23.5428 23.1253 22.2406 22.0438 21.6701 19.1684 20.0257 18.9622 18.1054 18.0866 18.8537 20.8679 22.4306 23.2888 23.8598 24.3688 24.8390 26.3288 28.3902 29.7884 31.0217 32.2996 33.7475 34.3033 34.2548 33.7537 33.8559 35.3860 36.9014 38.7272 39.5461 41.8978 37.3564 -99999.0000 -99999.0000 -99999.0000 10.6239 13.9149 13.6498 22.8851 47.6435 67.7471 67.7544 34.1229 36.2682 41.3852 39.7180 39.5552 39.6777 35.1103
15.4469 15.3966 14.3151 11.7343 11.2211 12.9397 15.7381 23.4007 34.7015 46.3476 48.5925 42.6834 31.4392 26.9711 25.6338 25.4067 24.8321 24.4634 22.8405 22.0461 21.5519 20.2343 20.2452 20.2796 21.5673 23.2324 24.6781 24.9778 26.0679 25.9443 27.0797 28.4530 30.6272 32.4348 33.4436 34.7429 36.2693 38.8532 38.4268 39.3524 39.3842 40.3435 42.4285 44.0683 45.1025 43.9458 -99999.0000 -99999.0000 -99999.0000 -99999.0000 16.8680 34.8509 45.1792 44.1411 28.8025 28.8699 35.0731 36.0384 39.1587 36.2614 37.2755 33.0541 33.3829
18.9251 18.8293 16.8144 15.5757 14.8077 14.9316 14.0142 16.8639 21.7770 33.3215 44.6124 47.4166 42.2877 32.3015 27.8454 27.0230 28.3412 28.5087 26.6683 24.5651 23.6353 22.8274 22.2894 21.6656 22.2755 24.0554 25.4636 26.0556 27.2677 27.5800 28.2486 29.0253 30.8879 33.2500 35.4115 37.8095 40.7974 41.4036 41.3733 39.0181 36.0124 33.9784 32.6859 34.1965 31.7782 40.7310 -99999.0000 -99999.0000 -99999.0000 -99999.0000 21.6907 18.9363 28.3734 29.9439 29.1441 28.9902 32.9559 34.9296 34.6053 32.7680 34.6066 30.6337 31.2524
20.6855 21.6012 19.0045 18.7304 18.7860 17.4786 17.7519 19.1698 24.1809 32.0807 39.4949 44.4673 43.5314 39.1424 29.2224 24.8266 27.0494 30.3313 30.8238 28.7222 25.0566 25.2108 24.5153 23.2665 23.5478 24.7129 26.1258 27.0200 27.3671 28.5730 29.4868 30.4817 32.9108 35.4670 38.5586 39.0079 39.8677 35.6290 35.9263 43.6312 44.3589 38.5070 36.6021 43.3736 59.8134 70.8588 25.7946 -99999.0000 -99999.0000 -99999.0000 11.4737 22.2249 30.2870 25.2059 26.6961 27.8658 30.3292 31.3035 32.9012 30.9311 31.9474 28.2055 29.5367
21.9626 24.4289 21.2988 21.0102 21.0284 20.7381 20.8817 22.9472 28.0463 32.8810 39.0805 43.5399 44.3063 42.6838 32.4934 27.6996 29.2405 30.8260 32.0938 31.3649 27.3308 26.6456 27.2089 24.9923 24.7587 25.5138 27.0661 28.0165 29.6792 31.3068 32.3680 33.3902 34.1594 35.0191 32.6211 33.9032 24.6179 45.7045 304.6166 426.2209 428.9259 431.6584 433.9541 29.9908 25.2324 23.4047 17.4487 -99999.0000 -99999.0000 -99999.0000 11.4864 23.5659 23.5094 23.5831 25.1340 26.3624 28.3413 27.9570 30.8176 29.3127 28.3987 26.3783 27.6601
22.8972 26.8441 24.4265 23.5716 23.6525 23.2015 23.4626 24.6210 29.2604 34.4890 39.7825 43.9360 46.1877 44.1538 36.4924 29.7708 29.1775 31.7969 33.9280 33.8816 30.4995 29.0420 29.5717 27.7024 27.0520 27.3554 28.4568 30.1000 31.5173 32.6801 31.7336 30.6134 29.1805 27.8566 121.6001 240.3118 415.1410 420.6202 309.9846 23.6090 24.8757 26.2507 21.4898 21.8178 22.7091 22.2413 20.9286 -99999.0000 -99999.0000 -99999.0000 -99999.0000 21.2898 21.6076 21.7289 24.1235 24.7010 25.7572 25.4798 29.3404 26.4606 26.2332 24.7319 25.1083
20.3691 37.5152 48.4529 47.3870 43.1115 30.5029 27.3992 27.6950 30.8625 35.3509 40.5869 45.0534 48.1029 47.3881 40.4764 34.8685 31.7686 32.9581 35.3892 35.2577 33.6895 32.0609 31.0823 28.5893 25.5916 25.0462 25.1157 26.1068 26.0201 28.8513 35.2881 170.8301 260.3033 309.6513 346.2536 332.8906 94.4582 18.4456 19.0621 21.0930 23.2897 24.1956 23.5792 22.4312 21.7278 21.0132 19.7907 -99999.0000 -99999.0000 -99999.0000 -99999.0000 18.9872 19.9885 20.4400 22.7679 22.6522 23.5835 23.4722 26.5108 24.2636 23.8998 22.7061 22.4778
14.1704 19.3977 25.0402 41.7793 62.1359 77.6629 87.2110 95.4168 103.5600 111.8607 119.8094 129.0369 130.3784 113.7715 95.2323 73.0152 49.4786 41.2696 39.1828 37.9196 37.6941 37.4955 34.2318 34.8223 29.6583 30.3039 180.9724 221.7172 234.6933 260.0777 262.3286 208.3920 158.5499 112.6915 213.1898 190.6927 16.7602 17.7649 18.0318 22.0992 23.4446 22.2737 21.0277 19.4700 18.8344 18.3409 17.9358 20.6240 -99999.0000 -99999.0000 -99999.0000 16.7519 18.1399 18.6513 21.2516 20.5214 21.7818 21.1808 23.8177 21.7566 21.6819 20.6865 20.7419
14.5140 18.9732 21.3682 23.8457 26.3641 28.6190 30.1023 30.4995 29.1112 26.9759 25.9226 25.4922 52.2927 95.1377 127.8625 138.0825 148.4997 157.3202 152.7324 85.5888 40.8941 36.9992 38.1591 40.4674 243.7078 246.4368 182.2794 141.7396 130.7040 30.1301 14.4031 28.9674 73.5851 98.8323 126.3509 264.3794 15.8986 14.0013 18.7643 20.9425 20.7231 19.1782 17.9657 16.9576 16.4463 16.9613 18.6387 29.2849 -99999.0000 -99999.0000 -99999.0000 13.5805 15.6250 16.7689 18.5224 18.3043 19.3393 19.0336 21.1885 19.1952 19.5263 18.6814 18.9313
14.3653 18.4247 20.6477 22.6749 24.9532 26.6208 27.0352 25.1543 24.2609 24.1064 22.6732 21.0999 19.5341 18.8507 31.7725 62.8932 64.5583 13.3197 53.8739 140.2511 224.4460 230.0057 234.1620 238.8872 31.8380 26.9567 24.4811 25.0490 29.6855 32.8242 32.8470 52.4364 127.0409 208.4878 260.4258 19.0258 16.1924 14.2609 17.6542 18.7793 17.3717 16.5758 15.8300 15.6502 15.5395 17.4351 27.7956 65.8710 -99999.0000 -99999.0000 -99999.0000 -99999.0000 13.3820 14.1441 15.4333 15.8948 16.7489 16.5738 18.0425 16.7151 17.1398 16.8708 16.9320
13.2649 16.5837 18.7648 20.5843 22.9732 23.3574 22.9023 22.9320 22.4492 21.4987 20.1286 18.3098 16.7370 16.7974 17.9597 15.9331 12.8452 139.3080 159.9897 179.6353 40.5588 32.4222 33.8360 36.3734 34.8105 32.0151 33.0367 34.2755 34.9053 33.1456 33.5282 76.4117 186.3260 229.8575 117.9123 16.8505 15.1690 14.0926 16.2354 16.0004 14.8474 15.0028 15.0406 15.2262 16.3722 44.3868 106.3665 233.3306 -99999.0000 -99999.0000 -99999.0000 -99999.0000 10.2471 10.0413 11.5698 12.8658 13.9836 13.7975 14.8202 13.8870 14.5171 14.5933 14.1055
11.3531 14.6548 16.9537 19.0111 20.7912 21.6129 21.5360 21.2755 20.7017 20.1827 18.4299 17.2048 18.1041 18.4306 17.3193 34.8904 135.4963 65.4317 20.3167 27.3615 33.0023 37.0624 37.3551 34.1430 31.0576 28.2016 27.2432 27.9442 26.5052 27.8547 43.3911 114.1078 201.3623 222.3528 20.1762 16.2643 13.3370 13.3311 14.2678 13.9337 13.9328 14.6252 15.9988 18.1117 82.4933 168.2569 230.5958 184.1293 41.0491 -99999.0000 -99999.0000 -99999.0000 -99999.0000 -99999.0000 -99999.0000 10.0000 10.1083 10.1330 10.4933 10.2729 10.7129 10.7562 10.9677
10.6773 14.3280 17.1532 19.3184 20.2139 20.5534 20.9280 20.9260 21.2328 20.0008 19.5895 20.7320 18.5033 22.8936 128.8965 129.9171 19.7715 26.1711 29.6550 30.0898 29.8045 28.8548 28.6357 27.9964 27.2481 26.1903 25.3627 24.9211 25.9657 35.2214 82.3389 158.4570 173.9042 208.6107 18.8198 15.7236 11.5166 12.0078 13.1836 13.3745 14.8082 16.9550 20.0829 143.7462 206.2146 211.6471 148.5420 40.9520 29.3091 -99999.0000 -99999.0000 -99999.0000 -99999.0000 -99999.0000 -99999.0000 -99999.0000 -99999.0000 -99999.0000 -99999.0000 -99999.0000 -99999.0000 -99999.0000 -99999.0000
10.2837 14.2259 16.4637 17.5816 18.5440 19.3228 19.3209 18.9425 18.8743 18.8007 17.2199 14.9974 92.1382 125.0956 23.6342 21.1049 25.2107 27.6123 27.5985 27.2275 27.0229 28.3184 27.7098 26.7483 25.5828 24.4545 23.1754 22.9687 24.7838 54.6488 136.4414 204.1646 229.7369 22.4133 18.6068 15.1363 10.5842 11.4637 12.9299 14.8310 17.0460 20.2962 162.1582 204.1223 170.3905 106.0385 48.0838 37.9966 29.1996 -99999.0000 -99999.0000 -99999.0000 -99999.0000 -99999.0000 -99999.0000 -99999.0000 -99999.0000 -99999.0000 -99999.0000 -99999.0000 -99999.0000 -99999.0000 -99999.0000
10.0000 13.0855 14.8149 15.8588 16.5641 16.7887 16.7956 17.1521 16.3197 13.9108 19.4998 117.5601 86.4149 18.1997 22.3808 24.1638 24.3995 26.0729 26.7480 26.4488 27.4948 27.7358 26.9605 25.7859 25.4099 23.7447 22.0845 22.6936 26.8573 111.9317 212.2422 218.8327 70.9841 20.7484 17.0164 14.2451 10.4927 11.2324 13.9039 16.9684 20.1730 143.8674 204.9514 141.5141 86.0889 58.8062 40.7794 35.3816 31.3336 -99999.0000 -99999.0000 -99999.0000 -99999.0000 -99999.0000 -99999.0000 -99999.0000 -99999.0000 -99999.0000 -99999.0000 -99999.0000 -99999.0000 -99999.0000 -99999.0000
10.0630 13.3200 15.1083 16.3813 17.3288 17.9141 17.9336 15.4126 17.3762 99.0272 113.9276 23.0258 20.1399 22.1073 21.9974 22.6177 24.1498 25.7379 27.1031 27.9528 28.8459 28.4875 27.3586 26.8118 24.4852 22.7479 23.1621 24.1981 68.5352 203.4345 183.5079 170.9418 22.3699 18.9401 15.9123 10.4106 10.3716 12.5655 15.8007 18.9776 85.0563 211.1391 150.3405 69.8196 54.1807 47.5830 37.1761 33.1474 30.0998 24.8007 -99999.0000 -99999.0000 -99999.0000 -99999.0000 -99999.0000 -99999.0000 -99999.0000 -99999.0000 -99999.0000 -99999.0000 -99999.0000 -99999.0000 -99999.0000
10.5554 14.0227 16.3949 18.4248 20.2746 17.8325 17.3859 43.9894 101.9112 58.1961 20.2211 23.5739 21.9819 19.9464 21.0630 22.4098 24.9349 27.2643 29.0258 30.2244 31.0612 30.1404 29.2414 26.1675 24.9123 25.2741 26.9580 29.2275 175.9720 241.8516 169.7678 22.4672 21.6020 17.3785 14.8195 10.3500 11.1647 14.9625 18.3964 21.4077 193.1598 178.3195 54.5252 40.5369 45.9122 43.5293 35.6364 31.6108 29.0731 25.1038 -99999.0000 -99999.0000 -99999.0000 -99999.0000 -99999.0000 -99999.0000 -99999.0000 -99999.0000 -99999.0000 -99999.0000 -99999.0000 -99999.0000 -99999.0000
11.0609 14.7503 17.8479 17.1690 15.3485 23.2110 85.1589 90.1304 25.0508 26.3890 26.1979 21.6878 19.3990 19.5878 20.9421 24.1823 27.4445 29.5527 31.6274 32.5434 31.1645 30.2947 28.0329 27.8426 28.8750 30.4002 32.2982 159.1351 255.6757 128.5101 37.3026 21.6489 18.7764 16.3396 10.7548 10.6507 13.7929 17.5826 20.9000 138.7284 212.5645 86.9130 32.5674 36.3533 45.4000 41.2139 35.3465 30.7567 28.3933 26.0512 -99999.0000 -99999.0000 -99999.0000 -99999.0000 -99999.0000 -99999.0000 -99999.0000 -99999.0000 -99999.0000 -99999.0000 -99999.0000 -99999.0000 -99999.0000
11.5686 15.5635 14.1773 23.8182 64.7799 76.3156 34.6918 27.4614 32.3139 26.5633 21.9038 19.5481 18.9474 20.1705 23.2439 27.0721 29.3490 31.2910 32.3644 31.0121 29.9612 27.8354 27.8339 30.1636 32.4870 34.1694 76.9141 250.5706 138.4646 64.7113 23.0998 22.0881 18.9481 15.1622 12.0641 13.0827 16.5018 19.7061 68.4959 198.0515 144.1130 42.5461 28.5776 34.8651 44.0890 40.3326 34.7385 30.6851 27.9616 27.1872 -99999.0000 -99999.0000 -99999.0000 -99999.0000 -99999.0000 -99999.0000 -99999.0000 -99999.0000 -99999.0000 -99999.0000 -99999.0000 -99999.0000 -99999.0000
10.0146 16.1435 37.2917 54.0158 32.5168 24.8652 33.4639 33.9977 27.8175 22.5247 19.9299 18.7519 19.5434 22.3291 25.9844 27.8607 30.2179 31.0729 29.9233 27.7977 26.2746 26.1231 27.8277 30.2618 33.1737 36.3694 218.6059 215.5127 40.0222 23.9238 22.0183 19.8101 17.3332 13.7963 11.7803 13.2296 16.4348 19.3932 132.8991 205.5593 87.5203 27.9499 26.7157 33.8100 41.6588 40.1677 34.4816 29.9785 27.8874 26.0533 22.0532 -99999.0000 -99999.0000 -99999.0000 -99999.0000 -99999.0000 -99999.0000 -99999.0000 -99999.0000 -99999.0000 -99999.0000 -99999.0000 -99999.0000
