_input/DEM10_SHD.asc
NCOLS 125
NROWS 111
XLLCORNER 4478435.0000000000
YLLCORNER 5718995.0000000000
CELLSIZE 10.000000
NODATA_VALUE -99999.000
[rows 0 to 33 of 111, columns 0 to 76 of 125]
1.203 1.206 1.177 1.082 0.936 0.793 0.710 0.719 0.808 0.900 1.137 0.982 0.908 1.606 1.666 1.674 1.622 1.599 1.632 1.628 1.589 1.603 1.578 1.546 1.557 1.570 1.568 1.574 1.616 1.592 1.586 1.603 1.625 1.609 1.575 1.586 1.566 1.530 1.568 1.582 1.529 1.513 1.522 1.516 1.484 1.436 1.435 1.452 1.400 1.373 1.417 1.419 1.331 1.266 1.228 1.228 1.214 1.179 1.190 1.186 1.117 1.094 1.124 1.144 1.285 1.321 1.204 1.093 1.038 1.015 1.164 0.853 0.795 0.708 0.640 0.683 0.931
1.113 1.109 1.072 0.998 0.892 0.761 0.639 0.614 0.757 0.840 1.062 1.129 0.946 1.603 1.672 1.639 1.610 1.618 1.646 1.629 1.602 1.615 1.594 1.574 1.581 1.592 1.589 1.602 1.634 1.608 1.609 1.631 1.643 1.615 1.594 1.594 1.568 1.564 1.591 1.579 1.536 1.535 1.543 1.529 1.483 1.430 1.462 1.473 1.400 1.396 1.425 1.375 1.287 1.243 1.223 1.242 1.228 1.218 1.217 1.170 1.102 1.093 1.194 1.365 1.401 1.280 1.189 1.048 0.977 1.210 0.947 0.445 0.738 0.727 0.639 0.589 0.578
1.069 1.013 0.906 0.817 0.692 0.552 0.317 0.462 0.693 0.917 1.002 1.253 1.376 1.428 1.614 1.581 1.606 1.608 1.683 1.663 1.669 1.656 1.629 1.612 1.611 1.618 1.618 1.651 1.662 1.634 1.645 1.671 1.662 1.627 1.622 1.624 1.592 1.598 1.623 1.605 1.565 1.568 1.571 1.547 1.505 1.465 1.497 1.481 1.415 1.419 1.436 1.354 1.263 1.228 1.246 1.285 1.261 1.235 1.230 1.196 1.113 1.209 1.418 1.479 1.308 1.285 1.188 0.994 0.941 0.823 0.886 0.842 0.709 0.711 0.705 0.596 0.579
1.092 1.065 0.939 0.706 0.451 0.323 0.274 0.618 0.855 1.049 1.177 1.307 1.360 1.312 1.608 1.545 1.633 1.697 1.707 1.669 1.700 1.674 1.641 1.630 1.643 1.646 1.656 1.690 1.685 1.666 1.681 1.699 1.684 1.660 1.663 1.655 1.629 1.653 1.664 1.630 1.591 1.604 1.609 1.576 1.519 1.497 1.515 1.474 1.444 1.459 1.442 1.344 1.280 1.252 1.296 1.311 1.299 1.265 1.216 1.140 1.176 1.423 1.578 1.562 1.395 1.273 0.836 0.788 0.872 0.713 0.718 0.829 0.860 0.751 0.713 0.666 0.584
1.113 1.091 1.058 0.907 0.682 0.728 0.691 0.892 1.098 1.190 1.285 1.366 1.357 1.489 1.527 1.687 1.774 1.770 1.709 1.697 1.701 1.678 1.654 1.654 1.644 1.653 1.690 1.722 1.719 1.707 1.726 1.743 1.721 1.699 1.704 1.691 1.685 1.700 1.693 1.651 1.637 1.652 1.641 1.585 1.523 1.524 1.532 1.487 1.476 1.494 1.451 1.361 1.295 1.288 1.348 1.357 1.304 1.182 1.205 1.442 1.568 1.675 1.635 1.364 0.798 0.744 0.823 0.787 0.686 0.676 0.797 0.830 0.885 0.922 0.957 0.865 0.678
1.140 1.136 1.111 1.090 1.016 0.942 1.008 1.158 1.250 1.311 1.367 1.425 1.485 1.590 1.606 1.600 1.637 1.765 1.753 1.760 1.742 1.709 1.693 1.665 1.668 1.724 1.763 1.776 1.767 1.759 1.776 1.773 1.747 1.744 1.747 1.731 1.727 1.738 1.722 1.685 1.671 1.672 1.644 1.581 1.534 1.554 1.549 1.504 1.509 1.522 1.443 1.358 1.322 1.364 1.361 1.247 1.131 1.475 1.640 1.674 1.659 1.458 0.593 0.878 0.973 0.764 0.768 0.827 0.753 0.740 0.827 0.871 0.903 0.962 1.050 1.029 0.918
1.232 1.199 1.184 1.202 1.200 1.204 1.226 1.270 1.334 1.386 1.421 1.466 1.502 1.539 1.638 1.618 1.642 1.689 1.733 1.747 1.767 1.770 1.766 1.764 1.786 1.810 1.818 1.809 1.801 1.798 1.803 1.791 1.780 1.783 1.775 1.759 1.758 1.755 1.728 1.691 1.675 1.669 1.632 1.583 1.551 1.574 1.556 1.534 1.544 1.497 1.380 1.325 1.306 1.315 1.247 1.389 1.664 1.729 1.617 1.351 0.730 0.943 0.931 0.764 0.838 0.844 0.789 0.875 0.829 0.786 0.895 0.921 0.940 0.995 1.058 1.064 1.069
1.196 1.141 1.189 1.299 1.371 1.367 1.345 1.389 1.442 1.453 1.479 1.513 1.550 1.597 1.626 1.662 1.647 1.670 1.739 1.738 1.736 1.763 1.807 1.830 1.833 1.831 1.823 1.819 1.816 1.815 1.823 1.809 1.798 1.803 1.794 1.780 1.763 1.746 1.708 1.670 1.669 1.659 1.633 1.582 1.579 1.593 1.554 1.521 1.478 1.334 1.226 1.212 1.446 1.446 1.654 1.655 1.552 1.214 0.593 0.974 0.918 0.768 0.972 0.890 0.791 0.862 0.838 0.867 0.855 0.818 0.930 0.984 0.970 1.045 1.106 1.106 1.114
1.600 1.509 1.427 1.362 1.434 1.488 1.479 1.504 1.519 1.515 1.525 1.560 1.591 1.629 1.642 1.667 1.696 1.709 1.712 1.723 1.719 1.759 1.801 1.825 1.831 1.823 1.818 1.819 1.817 1.820 1.830 1.816 1.816 1.820 1.803 1.775 1.747 1.712 1.656 1.655 1.664 1.651 1.613 1.572 1.558 1.508 1.425 1.357 1.284 1.425 1.423 1.638 1.643 1.428 1.343 0.908 0.765 1.056 1.005 0.939 0.983 0.921 0.901 0.924 0.853 0.887 0.913 0.920 0.902 0.894 0.986 1.012 1.039 1.113 1.143 1.142 1.153
1.582 1.567 1.549 1.569 1.677 1.698 1.621 1.574 1.538 1.564 1.627 1.632 1.622 1.640 1.663 1.691 1.711 1.708 1.708 1.711 1.717 1.751 1.782 1.799 1.811 1.815 1.810 1.814 1.812 1.818 1.831 1.822 1.826 1.813 1.782 1.749 1.708 1.631 1.592 1.626 1.617 1.584 1.507 1.445 1.398 1.415 1.481 1.473 1.613 1.669 1.514 1.122 0.785 0.776 0.861 1.061 1.028 0.974 0.984 0.976 0.934 0.945 0.955 0.942 0.921 0.909 0.949 0.970 0.947 0.946 1.078 1.093 1.106 1.184 1.200 1.195 1.217
1.558 1.593 1.623 1.651 1.657 1.644 1.666 1.697 1.727 1.761 1.760 1.735 1.702 1.680 1.672 1.699 1.732 1.722 1.709 1.712 1.724 1.747 1.753 1.767 1.797 1.804 1.797 1.804 1.802 1.817 1.823 1.819 1.822 1.794 1.747 1.673 1.570 1.484 1.554 1.668 1.679 1.639 1.609 1.599 1.637 1.702 1.573 1.248 1.206 1.193 0.780 0.753 0.968 0.974 0.968 1.014 1.052 0.980 0.939 0.987 0.973 0.963 0.981 0.956 0.947 0.937 0.958 0.998 0.990 0.970 1.117 1.195 1.190 1.238 1.266 1.265 1.277
1.564 1.597 1.638 1.681 1.662 1.660 1.687 1.711 1.743 1.748 1.752 1.757 1.754 1.712 1.655 1.711 1.783 1.793 1.769 1.721 1.715 1.741 1.732 1.748 1.775 1.779 1.781 1.782 1.797 1.820 1.815 1.810 1.790 1.727 1.621 1.504 1.383 1.678 1.810 1.831 1.745 1.673 1.662 1.546 1.077 0.829 1.057 0.996 0.871 1.034 1.193 1.161 0.946 0.876 0.965 1.016 1.036 1.032 0.969 0.967 0.970 0.975 0.992 0.975 0.981 0.968 0.971 1.003 1.007 1.016 1.157 1.243 1.262 1.289 1.303 1.341 1.344
1.571 1.567 1.592 1.632 1.652 1.691 1.728 1.759 1.740 1.720 1.742 1.748 1.753 1.708 1.681 1.744 1.760 1.733 1.720 1.685 1.690 1.727 1.714 1.710 1.737 1.750 1.754 1.770 1.793 1.787 1.771 1.755 1.694 1.596 1.663 1.634 1.834 1.883 1.716 1.366 1.311 1.175 1.127 1.059 1.022 1.021 1.084 1.232 1.237 1.260 1.259 0.942 0.867 0.929 0.960 1.021 1.027 1.044 1.013 0.973 0.961 0.977 0.992 0.979 0.998 0.982 0.997 1.030 1.012 1.033 1.225 1.288 1.296 1.349 1.388 1.396 1.376
1.480 1.549 1.616 1.661 1.677 1.687 1.694 1.708 1.723 1.732 1.736 1.726 1.705 1.655 1.639 1.665 1.693 1.711 1.698 1.659 1.662 1.683 1.652 1.641 1.655 1.664 1.686 1.719 1.728 1.743 1.776 1.773 1.735 1.821 1.839 1.729 1.624 1.232 1.070 1.049 1.135 1.127 1.155 1.239 1.249 1.247 1.272 1.261 1.312 1.363 1.185 0.874 0.814 0.938 0.980 1.015 1.025 1.062 1.024 0.986 0.988 0.979 0.985 0.960 0.981 0.977 1.005 1.041 1.024 1.066 1.256 1.327 1.359 1.419 1.445 1.465 1.421
1.372 1.424 1.503 1.569 1.602 1.646 1.676 1.696 1.700 1.695 1.677 1.655 1.615 1.580 1.588 1.623 1.640 1.641 1.600 1.555 1.564 1.559 1.527 1.582 1.631 1.715 1.772 1.792 1.822 1.882 1.883 1.784 1.601 1.446 1.248 1.001 0.941 1.032 1.150 1.183 1.210 1.220 1.190 1.189 1.205 1.220 1.289 1.360 1.411 1.424 1.072 0.855 0.863 0.958 0.987 1.023 1.040 1.079 1.049 0.999 0.998 0.994 1.000 0.978 0.954 0.951 0.995 1.048 1.032 1.115 1.332 1.391 1.429 1.479 1.526 1.530 1.391
1.326 1.356 1.411 1.446 1.474 1.479 1.436 1.429 1.401 1.315 1.291 1.260 1.254 1.354 1.442 1.488 1.494 1.448 1.354 1.347 1.399 1.489 1.655 1.742 1.814 1.887 1.858 1.758 1.725 1.507 0.901 1.070 0.963 0.915 0.983 0.955 1.019 1.014 1.079 1.209 1.171 1.166 1.180 1.209 1.250 1.265 1.347 1.449 1.525 1.431 0.968 0.880 0.919 1.000 1.023 1.035 1.049 1.080 1.070 1.031 1.031 1.020 1.021 1.026 1.018 0.960 1.016 1.083 1.085 1.230 1.413 1.461 1.488 1.546 1.575 1.444 1.186
1.311 1.338 1.383 1.397 1.381 1.348 1.315 1.273 1.210 1.179 1.212 1.206 1.201 1.259 1.274 1.238 1.127 0.906 0.957 1.314 1.639 1.741 1.820 1.822 1.678 1.379 1.261 1.282 0.977 0.825 0.967 1.121 1.046 0.974 0.957 0.776 0.908 1.033 1.239 1.208 1.194 1.180 1.198 1.248 1.335 1.396 1.483 1.577 1.603 1.157 0.914 0.907 0.944 1.004 1.032 1.044 1.069 1.092 1.071 1.035 1.056 1.049 1.077 1.077 1.075 1.061 1.150 1.204 1.199 1.303 1.476 1.528 1.529 1.518 1.341 1.171 1.109
1.337 1.361 1.390 1.388 1.370 1.342 1.285 1.239 1.262 1.265 1.259 1.285 1.313 1.318 1.326 1.211 0.850 1.299 1.658 1.806 1.728 1.508 1.390 0.838 0.705 0.934 1.077 1.155 1.146 1.040 1.021 0.954 0.861 0.963 0.421 0.894 0.896 0.923 1.203 1.187 1.206 1.238 1.283 1.367 1.473 1.559 1.629 1.679 1.441 0.919 0.875 0.902 0.948 1.003 1.026 1.040 1.065 1.102 1.093 1.055 1.076 1.076 1.119 1.136 1.176 1.203 1.288 1.327 1.294 1.379 1.530 1.482 1.354 1.235 1.107 1.095 1.121
1.353 1.383 1.408 1.412 1.376 1.313 1.316 1.319 1.298 1.298 1.317 1.355 1.430 1.484 1.378 1.245 1.700 1.742 1.315 0.361 0.966 1.324 1.268 1.226 1.128 1.093 1.152 1.144 1.022 0.909 0.952 1.018 0.907 0.600 0.791 0.904 0.909 0.936 1.159 1.176 1.268 1.373 1.462 1.567 1.658 1.702 1.696 1.520 1.067 0.897 0.870 0.887 0.935 0.997 1.012 1.027 1.059 1.111 1.113 1.098 1.136 1.113 1.161 1.230 1.280 1.348 1.419 1.411 1.336 1.347 1.383 1.222 1.154 1.108 1.079 1.105 1.139
1.433 1.455 1.465 1.466 1.444 1.411 1.387 1.379 1.369 1.372 1.438 1.585 1.630 1.538 1.669 1.723 1.334 0.857 1.022 1.303 1.338 1.263 1.204 1.158 1.138 1.143 1.189 1.153 1.052 0.956 0.970 0.960 0.834 0.386 0.864 0.914 0.895 0.975 1.131 1.234 1.455 1.592 1.663 1.721 1.742 1.684 1.437 1.117 1.026 0.921 0.881 0.886 0.930 0.999 1.001 1.015 1.054 1.109 1.119 1.139 1.190 1.177 1.264 1.339 1.375 1.432 1.474 1.378 1.138 1.170 1.199 1.100 1.105 1.094 1.085 1.145 1.211
1.573 1.572 1.554 1.521 1.486 1.475 1.478 1.493 1.471 1.498 1.620 1.637 1.704 1.792 1.599 0.837 0.959 1.231 1.198 1.193 1.204 1.219 1.242 1.261 1.261 1.254 1.258 1.253 1.167 1.022 0.969 0.810 0.663 0.713 0.888 0.916 0.857 1.087 1.242 1.476 1.660 1.718 1.745 1.699 1.584 1.344 1.099 1.045 1.047 0.968 0.903 0.885 0.911 0.998 1.009 1.016 1.044 1.120 1.139 1.174 1.257 1.272 1.359 1.392 1.389 1.416 1.400 1.209 1.054 1.122 1.154 1.090 1.103 1.101 1.114 1.206 1.319
1.639 1.597 1.557 1.540 1.542 1.523 1.514 1.555 1.565 1.557 1.704 1.859 1.828 1.046 0.960 1.114 1.230 1.186 1.170 1.208 1.255 1.276 1.275 1.293 1.310 1.333 1.360 1.356 1.244 1.070 0.903 0.932 0.338 0.847 0.901 0.917 0.789 1.282 1.525 1.675 1.732 1.733 1.600 1.405 1.313 1.151 1.088 1.066 1.051 1.003 0.947 0.914 0.901 0.990 1.006 1.042 1.071 1.137 1.162 1.218 1.339 1.349 1.416 1.376 1.302 1.346 1.292 1.145 1.093 1.125 1.143 1.079 1.099 1.110 1.163 1.292 1.415
1.628 1.620 1.619 1.608 1.592 1.595 1.642 1.652 1.695 1.882 1.919 1.607 0.932 1.006 1.225 1.176 1.197 1.224 1.220 1.262 1.299 1.306 1.333 1.374 1.398 1.416 1.467 1.439 1.314 1.120 0.866 0.484 0.779 0.895 0.911 0.924 0.612 1.541 1.704 1.745 1.717 1.526 1.243 1.242 1.223 1.114 1.071 1.068 1.048 1.003 0.975 0.970 0.931 0.992 1.014 1.054 1.118 1.161 1.195 1.301 1.414 1.396 1.373 1.261 1.228 1.267 1.217 1.136 1.138 1.152 1.136 1.073 1.101 1.163 1.270 1.414 1.497
1.701 1.705 1.699 1.692 1.709 1.712 1.727 1.876 1.944 1.895 0.885 0.951 1.122 1.155 1.164 1.205 1.247 1.272 1.290 1.327 1.360 1.378 1.420 1.443 1.477 1.554 1.577 1.494 1.317 0.924 0.770 0.707 0.880 0.911 0.925 0.884 1.348 1.715 1.764 1.727 1.558 1.135 1.069 1.166 1.145 1.045 1.038 1.068 1.070 1.023 0.977 0.992 0.986 1.017 1.052 1.089 1.143 1.186 1.259 1.365 1.423 1.344 1.284 1.253 1.238 1.182 1.130 1.121 1.141 1.163 1.169 1.123 1.143 1.235 1.388 1.514 1.569
1.755 1.746 1.741 1.723 1.681 1.829 1.941 1.944 1.476 0.934 0.992 1.121 1.032 1.118 1.213 1.263 1.299 1.329 1.362 1.400 1.431 1.469 1.487 1.531 1.623 1.663 1.606 1.450 1.117 0.919 0.441 0.903 0.929 0.922 0.938 0.622 1.665 1.774 1.749 1.639 1.248 0.868 0.960 1.066 1.052 1.006 1.002 1.050 1.085 1.062 1.017 1.012 1.023 1.069 1.100 1.151 1.198 1.250 1.336 1.391 1.321 1.209 1.246 1.307 1.228 1.127 1.109 1.096 1.129 1.146 1.167 1.174 1.242 1.362 1.493 1.578 1.616
1.763 1.735 1.655 1.740 1.924 1.953 1.812 0.913 0.967 1.170 1.014 1.011 1.068 1.172 1.277 1.342 1.361 1.384 1.413 1.432 1.481 1.529 1.594 1.675 1.703 1.660 1.553 1.315 0.837 0.467 0.872 0.914 0.931 0.929 0.891 1.376 1.744 1.771 1.692 1.436 0.900 0.811 0.915 1.032 0.999 0.966 0.970 1.007 1.083 1.099 1.058 1.053 1.053 1.102 1.144 1.195 1.241 1.310 1.384 1.330 1.186 1.176 1.261 1.267 1.199 1.130 1.115 1.106 1.126 1.154 1.183 1.245 1.355 1.463 1.562 1.619 1.649
1.586 1.613 1.869 1.941 1.858 1.023 0.982 1.117 1.102 0.993 1.012 1.052 1.144 1.267 1.359 1.385 1.389 1.408 1.421 1.468 1.530 1.614 1.708 1.726 1.686 1.586 1.427 0.942 0.807 0.835 0.937 0.928 0.924 0.929 0.864 1.510 1.719 1.735 1.548 1.047 0.737 0.823 0.920 1.018 0.992 0.933 0.947 0.970 1.024 1.075 1.079 1.111 1.115 1.110 1.149 1.223 1.286 1.360 1.376 1.243 1.148 1.177 1.226 1.225 1.164 1.092 1.082 1.123 1.140 1.173 1.234 1.314 1.455 1.538 1.613 1.650 1.657
1.832 1.877 1.870 1.269 1.006 1.087 1.228 1.056 1.018 1.015 1.040 1.123 1.253 1.356 1.379 1.388 1.410 1.408 1.432 1.507 1.607 1.717 1.753 1.716 1.642 1.518 1.168 0.807 0.695 0.930 0.933 0.947 0.948 0.933 1.116 1.650 1.772 1.736 1.371 0.894 0.764 0.831 0.943 1.031 1.001 0.936 0.913 0.958 1.013 1.060 1.103 1.165 1.179 1.179 1.190 1.225 1.263 1.340 1.302 1.203 1.163 1.155 1.209 1.247 1.205 1.128 1.093 1.101 1.158 1.206 1.282 1.421 1.546 1.606 1.651 1.649 1.599
1.681 1.364 0.983 1.048 1.300 1.204 1.111 1.040 1.009 1.050 1.112 1.229 1.342 1.373 1.387 1.401 1.394 1.414 1.475 1.591 1.716 1.778 1.757 1.687 1.606 1.363 0.762 0.792 0.928 0.932 0.942 0.939 0.948 0.941 1.469 1.751 1.810 1.686 0.963 0.708 0.791 0.834 0.916 1.061 1.014 0.969 0.944 0.946 1.000 1.054 1.118 1.205 1.240 1.238 1.258 1.285 1.271 1.220 1.193 1.159 1.139 1.152 1.222 1.257 1.217 1.149 1.127 1.133 1.192 1.312 1.420 1.517 1.598 1.622 1.646 1.643 1.433
0.930 1.037 1.233 1.237 1.170 1.154 1.106 1.044 1.005 1.071 1.209 1.312 1.379 1.383 1.397 1.387 1.388 1.455 1.574 1.704 1.780 1.788 1.729 1.644 1.528 0.938 0.664 0.855 0.937 0.942 0.952 0.950 0.964 1.100 1.580 1.767 1.812 1.535 0.846 0.751 0.798 0.836 0.870 1.025 1.005 0.953 0.956 0.956 1.011 1.059 1.116 1.220 1.275 1.298 1.331 1.352 1.308 1.121 1.054 1.050 1.065 1.115 1.232 1.294 1.227 1.164 1.151 1.170 1.248 1.391 1.492 1.579 1.624 1.636 1.678 1.530 1.186
1.311 1.306 1.224 1.146 1.132 1.123 1.107 1.056 1.032 1.129 1.275 1.356 1.387 1.384 1.391 1.402 1.440 1.539 1.678 1.771 1.803 1.779 1.709 1.640 1.297 0.808 0.824 0.926 0.917 0.930 0.939 0.966 0.991 1.312 1.630 1.797 1.785 1.411 0.783 0.771 0.828 0.853 0.883 0.993 0.991 0.942 0.962 0.963 1.000 1.057 1.120 1.234 1.311 1.355 1.400 1.431 1.320 1.066 1.001 0.996 0.992 1.074 1.247 1.272 1.210 1.186 1.184 1.222 1.358 1.509 1.584 1.642 1.663 1.658 1.603 1.226 1.096
1.212 1.244 1.247 1.180 1.130 1.139 1.113 1.043 1.060 1.207 1.313 1.372 1.406 1.407 1.412 1.440 1.513 1.651 1.760 1.812 1.814 1.774 1.706 1.510 0.902 0.698 0.903 0.914 0.939 0.926 0.923 0.962 1.047 1.373 1.681 1.807 1.737 1.366 0.769 0.795 0.854 0.874 0.921 0.996 0.989 0.948 0.947 0.982 1.012 1.051 1.116 1.242 1.357 1.413 1.467 1.457 1.262 1.027 1.007 1.019 1.024 1.076 1.225 1.224 1.158 1.181 1.235 1.331 1.491 1.610 1.640 1.656 1.652 1.610 1.332 1.084 1.076
1.122 1.179 1.241 1.236 1.169 1.124 1.120 1.116 1.169 1.261 1.312 1.377 1.450 1.459 1.445 1.509 1.631 1.742 1.808 1.832 1.813 1.745 1.645 1.139 0.676 0.865 0.891 0.909 0.919 0.922 0.927 0.925 1.085 1.446 1.737 1.806 1.713 1.351 0.826 0.829 0.866 0.876 0.939 0.990 0.983 0.966 0.940 0.963 1.005 1.035 1.109 1.273 1.393 1.458 1.494 1.452 1.249 1.022 0.991 1.039 1.071 1.109 1.186 1.195 1.149 1.206 1.300 1.460 1.606 1.660 1.646 1.646 1.613 1.471 1.100 1.017 1.076
1.118 1.173 1.245 1.247 1.183 1.129 1.173 1.243 1.303 1.312 1.362 1.450 1.498 1.483 1.508 1.616 1.725 1.797 1.835 1.830 1.785 1.701 1.451 0.964 0.853 0.921 0.912 0.922 0.907 0.926 0.927 0.902 1.065 1.534 1.768 1.807 1.722 1.317 0.817 0.851 0.861 0.859 0.950 0.971 0.971 0.966 0.949 0.955 0.987 1.024 1.121 1.311 1.423 1.470 1.490 1.413 1.156 1.042 1.091 1.134 1.174 1.201 1.199 1.176 1.186 1.270 1.425 1.595 1.651 1.672 1.650 1.624 1.531 1.226 0.995 0.969 1.040
