_input/DEM10_L-FB1.asc
NCOLS 125
NROWS 111
XLLCORNER 4478435.0000000000
YLLCORNER 5718995.0000000000
CELLSIZE 10.000000
NODATA_VALUE -99999.0000
[rows 58 to 86 of 111, columns 0 to 66 of 125]
46.2784 29.3199 22.5659 22.7639 23.2834 26.5575 33.7947 41.3231 44.2220 34.7001 31.7850 22.1752 17.3893 12.7712 14.1469 15.1077 17.4450 18.7875 20.3832 23.2556 24.8181 25.7444 25.1932 26.2297 22.2704 18.3958 16.2342 15.8120 18.3650 16.6355 16.6267 16.1185 15.8021 15.0814 14.2476 13.6995 15.6165 11.8611 10.7925 10.6520 11.6239 13.0426 14.1390 15.4376 16.3404 16.4987 16.5850 16.9316 17.1944 19.1016 22.0436 26.9629 32.1590 34.3504 29.9385 25.2491 22.8594 21.4188 21.2123 25.3100 21.6799 25.5876 28.1800 29.9805 32.7914 34.9052 35.4517
44.0722 27.2964 22.5643 22.6164 25.0617 28.8147 35.4179 38.8905 36.2514 33.7130 22.7290 20.9979 12.9393 15.3355 13.0277 13.4235 15.7124 18.0032 20.4857 21.6864 23.4746 23.6832 22.2055 18.6955 19.5796 11.3079 10.6371 11.5099 13.4132 14.7607 14.4881 14.4785 14.0818 13.5474 11.9044 10.1461 10.0000 11.2526 10.0000 11.2809 13.4938 14.5078 15.6627 17.0080 18.9256 19.5216 18.9155 19.7875 18.6699 18.9814 21.1840 25.5364 30.9598 35.4301 35.9420 35.0497 28.8504 24.2769 22.7877 27.0292 21.6642 19.8821 27.0541 29.4067 32.7621 36.1209 38.2350
39.7261 28.8726 23.1262 22.8264 26.8144 31.7650 35.1050 34.6718 30.7316 23.5094 20.2804 13.1341 15.7445 13.2727 12.9714 14.1669 16.6393 18.6257 19.6064 20.9136 21.1573 20.6739 18.9909 19.8476 10.3599 10.6342 10.4643 10.5142 13.9024 15.0963 15.2899 14.6991 13.6054 12.1049 11.2730 11.2972 10.6824 10.2603 10.1960 13.3165 15.4904 16.9776 18.5030 20.0525 21.3524 22.2326 22.5352 22.1726 20.9663 18.1730 18.7166 23.4893 28.1146 32.2893 35.9317 37.1166 36.9695 30.8157 25.5457 28.4236 24.1006 20.0763 23.4370 27.0708 31.7992 35.9398 39.8420
35.1711 28.4035 23.5929 23.8734 28.9577 31.5412 31.2266 25.6557 23.9467 18.2190 14.7397 15.1483 13.0071 13.2215 14.1085 16.2222 17.6292 19.1965 21.2122 21.6314 21.9255 21.0535 19.8991 17.8616 18.5472 15.9541 15.1710 16.9200 19.6244 17.5412 17.2877 16.3946 14.6887 13.8938 13.9143 14.3883 13.6052 12.9227 13.4048 15.2116 18.0378 19.1013 20.1517 21.8657 23.4870 25.2340 25.5999 26.5448 22.7857 18.0663 16.7521 19.8176 25.6037 30.7247 32.9164 35.6760 38.7218 36.9474 32.2284 30.3458 27.5374 22.7615 29.2166 21.3812 28.8698 34.7049 40.5005
31.3640 25.9218 24.7336 24.2066 25.0259 32.2653 24.2170 14.8878 20.0407 17.5159 15.5337 12.5116 12.4104 13.9693 15.5063 17.7539 20.2289 21.5389 22.3552 22.0411 22.5460 22.9386 22.0216 20.8680 22.2857 21.5603 21.1545 21.9004 22.5190 21.7343 21.1886 17.8010 16.3883 16.5843 16.7921 17.5654 16.2158 14.4027 15.0285 17.0818 19.5088 21.0647 23.0697 24.0295 27.0075 26.2919 29.6721 28.7764 24.7882 19.2173 17.3592 17.6647 20.4873 31.5303 34.1103 34.6040 38.1005 40.0895 38.1630 34.8073 32.4673 21.5762 34.3601 22.4520 26.3079 33.0216 39.0621
27.4776 23.2359 28.4529 21.0249 14.2874 31.5142 21.1268 18.9752 15.9550 14.2476 12.2829 11.5961 12.6558 14.2430 16.6912 18.8067 20.2104 21.7457 22.7712 23.9671 24.2943 25.2730 24.0962 24.1805 24.8498 26.2480 26.0915 26.9842 27.5539 24.9416 22.8215 19.6752 18.9559 19.3323 20.7656 19.6277 17.3212 16.0092 16.7631 18.8594 21.0297 23.6742 23.4452 25.4717 27.5416 30.0889 32.7791 31.7353 26.6537 21.1454 15.9202 20.6234 26.6100 28.2074 31.7486 35.5634 37.9534 40.7122 41.7507 39.4093 37.0087 31.7548 38.2763 28.6153 27.2423 31.7756 37.7730
26.8688 12.0146 22.6420 28.9537 25.9823 19.9722 17.1695 15.0125 12.9415 11.4144 11.8607 12.8118 14.6974 16.3180 18.0643 19.5097 21.4435 22.8030 24.5212 24.4218 24.5347 25.8723 28.0872 27.5355 28.6405 29.9150 30.0904 31.0627 30.4017 27.3035 24.1027 23.0428 21.7608 22.4170 22.4687 20.6511 19.0035 17.7475 19.0269 19.7775 21.8674 24.6351 25.6122 27.1762 28.9091 31.9024 35.0929 34.0153 28.6734 24.2956 21.0434 16.9744 20.7884 28.7712 33.1333 33.6795 37.1682 39.6419 42.0696 42.4030 42.2959 34.4641 32.5031 41.5869 34.6456 33.5629 36.5464
17.1054 23.9867 25.5656 20.5064 18.6898 16.8520 14.1210 11.8409 11.1838 11.8001 13.1655 14.9212 16.5609 18.2746 19.6145 21.7669 22.4917 23.1293 24.6840 26.9209 28.2934 29.0333 31.0340 31.0939 31.1582 32.4024 33.1204 35.4530 34.7160 30.9487 27.6496 25.5452 24.4414 24.2446 24.3347 23.0059 20.4612 19.7433 20.4503 21.1310 23.1527 25.4438 27.6827 28.2906 28.6041 32.7191 36.3211 36.7469 31.6259 26.3094 23.7211 21.6046 21.6825 27.7799 33.7645 34.3086 35.7717 38.3784 37.0061 40.0398 44.2540 42.9280 36.6839 38.6296 40.4155 38.0929 37.2996
17.1265 22.5038 19.4791 17.2157 15.4593 13.2735 11.1408 10.6466 11.5675 13.9326 15.8494 17.7278 19.6689 20.1659 20.9826 21.9724 23.6817 25.5375 27.5931 28.5753 29.0502 29.7020 30.1191 32.4251 33.5172 36.3454 36.9325 39.2608 39.1646 35.7337 31.6104 28.1131 27.6955 26.8558 26.0968 23.8847 22.1097 21.7889 22.2096 23.0643 23.4772 25.4778 27.9232 29.3067 31.5611 34.7999 38.1659 38.2609 32.1402 28.3732 26.9438 24.8019 23.3508 27.1341 35.3464 38.4467 37.0181 37.3806 37.8681 35.8048 34.9980 36.3211 41.2086 43.3324 39.6016 41.5271 40.4391
15.5635 18.8835 15.0387 13.7873 11.8008 10.7537 10.7185 12.0098 13.9690 16.1504 17.9682 18.9736 20.4963 22.0388 23.2077 24.0026 24.4983 24.4154 25.5911 27.7646 29.6890 31.3587 32.0381 32.1993 33.5212 36.3679 40.7691 43.7441 45.6954 41.9742 35.8399 31.0537 30.0674 28.0787 26.7913 26.4157 24.2336 23.4528 23.7064 24.5529 25.5503 25.9562 29.9736 29.5453 32.6176 36.8504 41.1307 39.4966 33.6289 30.5301 29.4235 26.9047 25.4652 26.0645 33.7771 45.2812 48.5752 35.1477 28.2836 39.8183 51.7779 34.2811 29.9474 41.3459 41.9125 44.8597 44.3349
12.7450 14.5689 12.1004 10.6503 10.6713 11.6587 13.4639 14.9194 16.0207 17.0714 18.9263 20.6244 22.2875 22.8758 23.3949 24.5089 25.5425 25.7890 26.0443 27.5649 28.7273 31.3672 34.4275 36.9372 37.2099 36.1242 38.7413 43.1225 48.0179 50.3867 41.0849 35.3230 32.2313 29.6347 28.4808 27.0633 26.4289 25.2783 25.1015 27.0340 26.8587 28.1011 26.8449 32.5449 35.5802 38.2652 44.9478 43.6685 34.9028 30.8352 30.6293 29.4351 28.0744 27.0955 27.8473 26.7248 43.0805 57.6240 43.7503 38.0665 36.8382 58.9009 39.0437 33.4100 40.5772 46.0444 48.1583
10.7823 11.5685 11.3488 11.3440 12.5419 14.3989 16.8122 18.4786 18.7694 18.8117 19.8754 21.5908 23.0400 24.5470 24.8471 25.4903 26.6130 26.7478 27.7344 28.4780 30.5944 31.6919 33.6491 37.3524 38.8171 39.2934 37.3371 41.6892 49.8905 56.8771 49.2051 38.8932 35.2772 32.8657 30.3487 30.1310 30.3829 28.9762 28.8994 29.5456 32.1610 26.6812 19.5073 21.7225 33.2463 40.8398 49.9026 54.9662 42.8733 31.8283 29.4223 24.2514 20.1189 28.2011 33.3852 31.1987 31.1425 39.5022 50.6450 41.4707 37.7811 49.0885 53.7675 40.3789 39.4077 41.9189 48.8494
10.0000 11.9819 14.5224 15.8028 16.5524 17.5097 20.2822 22.4326 23.2919 21.9955 21.2419 22.3030 24.2354 25.1171 25.8109 26.5416 27.9342 28.2062 28.6566 29.9667 30.8716 31.6094 32.4883 35.2401 38.8836 42.3227 42.2441 41.5434 47.7126 45.7779 66.4019 35.7396 37.0190 37.1433 33.7434 32.1847 34.6834 31.3269 25.1873 33.1389 24.7424 23.8460 32.8491 20.0394 19.0967 32.5141 43.3018 56.4290 51.6737 36.5872 35.8098 31.4294 25.6332 26.4928 29.8245 33.1702 31.8491 36.2106 42.5059 41.1636 38.9200 44.6507 50.8733 47.3669 53.6160 36.6617 45.9547
10.9224 13.2186 15.9384 19.4872 21.4197 20.7911 22.4689 25.2196 28.1170 28.9759 27.7875 25.4539 26.1807 26.9563 26.7965 27.9125 28.2395 29.3314 28.8782 28.9649 29.4006 31.3077 32.4371 33.8942 37.6330 41.7448 43.9981 45.9174 43.1387 48.0892 78.9820 43.7240 34.1213 38.6514 36.6767 36.4386 42.8138 32.7310 28.5239 33.3452 28.6670 39.0357 15.9288 14.9255 16.0568 21.2527 36.7391 61.5811 61.2929 43.6957 34.2973 31.8583 29.6363 28.6284 30.8408 33.1015 34.3862 36.1058 40.8601 38.4263 37.5803 42.1231 46.5645 46.0945 49.0788 51.7383 48.6756
11.4299 15.3732 16.4261 18.3742 22.6283 25.0667 26.0706 27.2013 29.7937 33.7420 37.8532 39.3054 38.6481 33.3846 31.8101 29.8860 28.9597 29.2037 30.4717 30.1141 30.3438 30.2392 30.6134 31.7729 34.0977 40.6967 45.0360 51.3623 33.6662 59.7428 117.4956 53.2217 35.4401 44.2036 44.3466 53.1370 36.3232 19.2264 30.0798 43.5949 31.9229 29.5477 23.2057 18.0689 19.6021 20.7503 25.2301 37.6623 68.6349 60.3237 40.1408 32.9332 30.7323 30.4372 32.6037 33.7845 35.9367 36.9925 40.7711 38.3223 35.7342 40.6754 43.6669 42.6846 48.4698 48.0157 52.2876
12.1641 16.3563 19.0460 23.4329 18.5511 24.5727 29.0802 30.7850 31.5247 33.5920 38.7665 47.6247 53.9941 58.6186 57.4499 56.2495 52.9434 43.4681 35.5530 32.1197 30.4909 29.8834 31.2549 32.6941 34.2211 35.6227 42.9482 50.9685 44.7649 66.5558 33.1650 40.1677 29.6136 48.2731 70.0219 55.3300 26.9824 25.5792 30.7068 43.3695 34.8528 26.5650 24.2984 20.4995 20.1781 21.7968 23.1428 31.9369 58.7984 67.1801 51.9273 35.2257 31.9292 32.1180 34.1245 34.1170 37.3006 38.9157 40.6690 39.5260 34.6832 38.5344 42.6200 41.6223 40.9984 60.4733 44.2939
12.1155 17.4563 19.3535 20.7461 29.9110 21.6112 24.4176 30.5221 34.9489 35.0229 33.7192 35.2359 39.7494 48.3758 61.8366 66.9902 69.5095 71.6370 68.2138 48.3037 36.7751 32.5280 32.3468 34.0209 35.2029 33.4180 35.8341 43.1248 52.4083 41.5434 30.0590 31.5283 38.6945 13.9492 48.5934 83.8389 27.5008 25.6649 30.1750 38.4032 41.6683 26.3083 24.3561 22.7169 22.0715 23.0036 23.8207 28.5836 49.1268 69.3146 60.2591 40.1257 33.8259 33.0286 36.2405 35.1140 38.4184 40.5064 41.0520 40.9138 35.0473 36.3968 41.6970 40.7661 37.4697 69.1077 46.4676
11.3920 17.2917 21.3919 22.2505 21.0698 31.1503 35.9047 19.1338 22.2978 28.8051 30.9294 29.8859 31.0723 30.8546 32.8045 41.4137 50.6363 66.6818 78.3720 88.6193 71.9503 44.3076 35.5105 37.9076 39.1657 37.9374 34.4024 33.2119 33.9057 31.3742 26.7183 28.1736 38.6648 32.0996 35.1299 77.8393 58.7897 27.2752 29.5731 38.4413 42.0992 30.3282 26.2323 23.9471 24.1056 24.1511 25.8118 29.2519 37.7220 65.8694 67.0796 48.1172 37.6900 33.1415 37.3974 38.0535 38.4553 42.0906 41.8143 42.5652 36.1715 35.3472 40.9284 39.4243 35.4554 34.3716 76.3508
11.0496 16.0295 20.4954 24.2561 24.0713 23.2406 23.3085 44.8400 17.9241 18.3181 21.8983 25.4660 25.7886 28.1511 31.6641 34.7624 38.6493 41.3479 53.1045 65.9897 92.8001 86.5706 57.1691 40.8070 41.5158 45.1526 42.4058 34.2636 28.6734 27.4554 25.0696 26.8234 34.9231 41.0024 37.0846 63.9147 75.0481 45.3330 31.4403 37.2009 41.4115 34.6190 29.7247 25.5583 25.2391 25.6906 27.5446 30.0243 34.2068 58.4384 69.6865 56.0919 41.3396 35.6461 37.1328 41.0348 39.0472 43.1173 43.1283 43.6158 38.0025 33.7834 39.8090 39.8577 36.8506 43.4407 57.3070
11.0075 15.9588 20.4097 24.4869 29.6802 28.3066 23.1639 21.7218 17.2180 32.7568 13.0383 19.8074 26.1157 28.0831 27.2283 27.8389 28.7303 31.3332 33.9351 44.3599 64.5807 89.7111 95.9816 64.0498 46.1715 44.2884 48.5566 49.1485 36.5806 28.0341 25.2301 24.9088 29.9931 42.7971 41.2313 53.9723 73.9165 65.8350 41.1680 38.8550 42.8704 36.5099 32.4245 28.9490 26.7161 26.3371 29.0429 31.1767 34.1167 50.3128 70.7079 61.3275 44.5807 38.9359 37.1429 42.5717 40.3821 43.9077 44.9292 44.2294 40.6269 33.5922 37.7790 40.1592 38.0377 38.2773 65.5130
10.8013 15.6663 19.5339 23.2106 26.8259 31.8176 30.4630 26.7075 25.2901 18.6911 38.0752 29.9618 21.5427 20.1049 22.5399 24.4686 25.3165 25.7249 27.5510 31.0495 36.6345 58.4574 86.2370 103.6227 71.0818 48.1497 44.7668 50.2679 56.0277 41.9901 29.4822 24.9708 26.6127 40.3243 46.8854 47.8760 63.4780 75.2268 59.4835 42.2338 45.7126 40.4403 34.4108 32.0871 29.5724 28.3300 29.7489 32.1221 33.3218 44.3428 68.8940 68.2344 48.3147 41.3176 37.2896 42.9731 43.1067 43.7829 46.8356 44.2775 43.0152 35.3590 36.1073 40.5915 38.6287 34.0564 76.8810
10.4460 14.2010 17.2615 20.4198 23.3891 27.9949 30.7823 28.5183 30.5307 28.8350 20.2193 29.4969 43.9898 14.0051 16.4732 21.0759 23.5774 24.2213 24.1650 25.2667 27.7215 34.7677 53.1519 80.3496 107.3001 72.3278 46.6581 41.8388 50.6609 60.9319 54.0853 32.2922 27.0371 34.2433 49.1780 49.0682 55.2196 67.7200 72.4067 55.0397 49.2717 47.0563 35.9299 35.8409 31.9207 30.6394 30.1250 33.4090 34.0082 37.2779 64.9810 74.8139 52.2180 44.8240 38.1398 42.8160 45.8452 43.9063 47.8430 45.0941 44.1648 37.7642 35.8929 40.8276 38.1840 32.9392 35.0533
10.8454 14.5327 17.0602 20.1294 22.2432 25.7893 29.5378 27.8046 27.6830 33.5451 33.6447 28.5560 21.3840 52.2121 15.1057 22.0582 21.2940 22.7403 24.4902 24.4127 25.2258 27.2559 34.6384 54.1672 90.0047 103.1824 67.9671 43.7348 39.2905 48.9162 61.3831 60.3421 39.9430 33.1016 48.9546 52.3410 52.4970 60.5072 72.3575 65.2222 56.0332 56.7960 39.3500 37.8895 35.0605 34.5905 31.0447 33.0932 34.9879 34.4335 59.7455 75.2460 61.1749 45.7829 39.7164 41.4564 48.9061 44.2950 47.3841 46.3572 44.5355 41.4605 35.5323 40.4178 40.0472 34.6067 48.8610
11.1358 15.5391 18.1185 20.9501 23.1956 25.6124 28.3448 28.9623 25.2269 28.1208 35.6834 37.0213 31.8542 22.4940 54.8488 57.9948 15.6136 18.2909 22.3458 24.5731 25.6343 26.2143 28.7824 36.1326 59.6907 101.8803 92.6339 58.9658 40.3248 37.9458 45.4801 59.3753 62.5707 49.4375 50.0399 54.4573 55.8981 54.4302 66.3302 73.0323 57.8515 64.3822 50.6999 40.2068 39.4035 35.9664 32.6829 33.6957 35.2314 34.9179 50.9044 77.0744 68.0801 48.8673 42.2924 40.6509 49.9630 46.4452 46.2519 45.9850 45.4940 45.1605 36.2693 38.7195 40.9191 38.7088 44.2679
11.0593 15.8167 18.7987 21.5993 23.8934 25.8118 28.1003 30.5704 24.4600 24.6966 28.0774 35.7180 37.9059 34.7477 33.8144 30.2609 66.0619 27.8910 22.3388 22.4170 23.8963 26.0459 27.6872 30.8131 39.7625 77.7238 108.2093 74.7536 49.9438 37.9683 36.5896 44.5364 55.2307 61.1145 60.4643 58.9268 62.7800 56.0852 57.4996 71.5654 63.1604 66.4277 66.2397 45.9517 43.0706 40.0571 35.3061 34.2085 35.1951 35.7186 43.1258 72.5271 77.8765 55.1142 43.9798 40.6142 49.1350 50.2516 44.7271 45.0710 45.1799 46.9860 40.4433 36.8540 40.8570 40.3588 40.8923
11.1037 15.7383 18.5076 20.9587 23.7230 26.1222 27.9939 32.7780 27.0228 23.6107 24.3433 27.4627 34.3333 38.4056 38.8728 34.7638 25.7142 66.9253 69.3343 15.9135 19.5584 22.5971 26.2075 29.3217 33.4642 51.1432 99.6253 103.6754 63.1630 44.6559 35.6045 36.3782 43.0068 51.2432 62.0303 70.0927 66.0642 67.4468 59.0351 68.0725 65.5708 62.3328 73.6778 60.0413 49.3109 44.8971 39.1112 35.3266 36.1539 36.5386 37.9004 65.6602 85.7155 59.6168 50.5773 41.7124 47.1499 54.1750 45.5988 43.9628 44.7438 47.6564 42.9328 36.8542 40.7059 40.4105 35.9307
11.1943 15.7371 18.7985 21.0605 23.4381 26.7742 29.4736 32.3834 30.6345 21.1542 23.5228 23.5430 25.8515 31.3972 37.4070 40.9958 38.2839 35.4775 37.5636 79.1972 16.8023 26.8720 22.9319 25.1723 29.4069 37.5233 67.8559 112.0323 97.0038 59.4605 41.1826 34.8761 35.8367 41.0533 48.9852 64.4338 74.3758 81.6569 69.1239 68.2464 69.1903 56.3143 72.8236 70.0325 62.7085 50.2421 46.5988 37.4066 37.2118 38.0105 35.4222 57.2788 82.1290 75.0419 52.5781 44.2378 45.1074 54.6227 47.8350 44.3676 44.7727 47.5497 45.1787 36.0729 39.6737 41.1722 39.3680
11.3827 16.0845 19.4309 21.8999 24.2157 28.3319 31.9757 30.3129 42.5969 18.5953 20.0733 22.8690 22.4030 24.3195 28.2539 34.2854 40.3706 40.9085 38.5336 28.6891 82.9981 76.0766 19.2850 19.3366 23.0483 30.9139 47.1207 86.9262 119.1598 91.4338 56.3881 41.8813 34.8885 34.3669 38.0047 49.0215 55.9438 79.3493 91.5939 84.3372 76.0517 59.3233 65.3029 75.0613 71.7896 61.0941 52.6728 46.6129 39.7526 38.8556 37.0546 48.8785 79.8151 80.6952 61.0538 46.4116 43.7018 54.6718 50.5571 43.7677 46.8603 46.9390 46.1432 37.4338 37.3385 41.9174 42.3738
11.5224 16.2844 19.9062 22.3610 24.2460 27.6541 33.7667 31.1175 52.9258 26.5445 15.7356 22.7257 21.6358 21.6605 22.6999 24.9110 30.0717 37.4310 41.2895 38.4980 34.0355 45.5031 88.2894 15.5600 35.3798 41.9448 36.9810 55.3779 103.4207 124.3771 83.4643 54.9527 41.0979 34.1867 32.1802 39.5669 44.8375 53.6096 78.0882 92.7476 95.2470 75.2023 62.5366 72.5313 74.9635 72.1682 63.7525 58.0710 46.8538 41.1597 39.8186 42.0323 73.4033 89.2692 66.8680 50.8964 43.3738 53.1643 54.7767 44.5951 48.2401 47.0906 46.5956 38.6226 35.4274 41.6295 42.5260
